1565168752176 127.0.0.1:5004 becomes a leader, currentTerm = 4
1565168766382 127.0.0.1:5004 becomes a leader, currentTerm = 8
1565168800228 put 85 42 440
1565168800228 rpc 8 3 439 439
1565168800228 tmp 85 42 8
1565168800228 rpc 8 3 439 439
1565168800228 tmp 85 42 8
1565168800228 rpc 8 3 439 439
1565168800228 tmp 85 42 8
1565168800228 rpc 8 3 439 439
1565168800228 tmp 85 42 8
1565168800233 success 1 441 440
1565168800234 success 2 441 440
1565168800436 put 85 42 440
1565168800436 rpc 8 3 439 440
1565168800436 tmp 85 42 8
1565168800436 rpc 8 8 440 440
1565168800436 rpc 8 8 440 440
1565168800436 rpc 8 3 439 440
1565168800436 tmp 85 42 8
1565168800441 success 2 441 440
1565168800442 success 1 441 440
1565168800643 put 54 97 441
1565168800643 rpc 8 3 439 440
1565168800643 tmp 54 97 8
1565168800643 tmp 85 42 8
1565168800643 rpc 8 8 440 440
1565168800643 tmp 54 97 8
1565168800643 rpc 8 8 440 440
1565168800643 tmp 54 97 8
1565168800643 rpc 8 3 439 440
1565168800643 tmp 54 97 8
1565168800643 tmp 85 42 8
1565168800653 success 2 442 441
1565168800654 success 1 442 441
1565168800854 put 85 42 442
1565168800854 rpc 8 3 439 441
1565168800854 tmp 85 42 8
1565168800854 tmp 54 97 8
1565168800854 tmp 85 42 8
1565168800854 rpc 8 8 441 441
1565168800854 tmp 85 42 8
1565168800854 rpc 8 8 441 441
1565168800854 tmp 85 42 8
1565168800854 rpc 8 3 439 441
1565168800854 tmp 85 42 8
1565168800854 tmp 54 97 8
1565168800854 tmp 85 42 8
1565168800865 success 1 443 442
1565168800865 success 2 443 442
1565168801067 put 54 97 443
1565168801067 rpc 8 3 439 442
1565168801067 tmp 54 97 8
1565168801067 tmp 85 42 8
1565168801067 tmp 54 97 8
1565168801067 tmp 85 42 8
1565168801067 rpc 8 8 442 442
1565168801067 tmp 54 97 8
1565168801067 rpc 8 8 442 442
1565168801067 tmp 54 97 8
1565168801067 rpc 8 3 439 442
1565168801067 tmp 54 97 8
1565168801067 tmp 85 42 8
1565168801067 tmp 54 97 8
1565168801067 tmp 85 42 8
1565168801077 success 2 444 443
1565168801077 success 1 444 443
1565168801077 success 3 444 443
1565168801278 put 85 42 444
1565168801278 rpc 8 3 439 443
1565168801278 tmp 85 42 8
1565168801278 tmp 54 97 8
1565168801278 tmp 85 42 8
1565168801278 tmp 54 97 8
1565168801278 tmp 85 42 8
1565168801278 rpc 8 8 443 443
1565168801278 tmp 85 42 8
1565168801278 rpc 8 8 443 443
1565168801278 tmp 85 42 8
1565168801278 rpc 8 8 443 443
1565168801278 tmp 85 42 8
1565168801285 success 1 445 444
1565168801285 success 3 445 444
1565168801285 success 2 445 444
1565168801486 put 79 99 445
1565168801486 rpc 8 3 439 444
1565168801486 tmp 79 99 8
1565168801486 tmp 85 42 8
1565168801486 tmp 54 97 8
1565168801486 tmp 85 42 8
1565168801486 tmp 54 97 8
1565168801486 tmp 85 42 8
1565168801486 rpc 8 8 444 444
1565168801486 tmp 79 99 8
1565168801486 rpc 8 8 444 444
1565168801486 tmp 79 99 8
1565168801486 rpc 8 8 444 444
1565168801486 tmp 79 99 8
1565168801489 success 2 446 445
1565168801489 success 1 446 445
1565168801489 success 3 446 445
1565168801691 put 85 42 446
1565168801691 rpc 8 3 439 445
1565168801691 tmp 85 42 8
1565168801691 tmp 79 99 8
1565168801691 tmp 85 42 8
1565168801691 tmp 54 97 8
1565168801691 tmp 85 42 8
1565168801691 tmp 54 97 8
1565168801691 tmp 85 42 8
1565168801691 rpc 8 8 445 445
1565168801691 tmp 85 42 8
1565168801691 rpc 8 8 445 445
1565168801691 tmp 85 42 8
1565168801691 rpc 8 8 445 445
1565168801691 tmp 85 42 8
1565168801697 success 1 447 446
1565168801697 success 3 447 446
1565168801697 success 2 447 446
1565168801898 put 54 97 447
1565168801898 rpc 8 3 439 446
1565168801898 tmp 54 97 8
1565168801898 tmp 85 42 8
1565168801898 tmp 79 99 8
1565168801898 tmp 85 42 8
1565168801898 tmp 54 97 8
1565168801898 tmp 85 42 8
1565168801898 tmp 54 97 8
1565168801898 tmp 85 42 8
1565168801898 rpc 8 8 446 446
1565168801898 tmp 54 97 8
1565168801898 rpc 8 8 446 446
1565168801898 tmp 54 97 8
1565168801898 rpc 8 8 446 446
1565168801898 tmp 54 97 8
1565168801905 success 1 448 447
1565168801906 success 3 448 447
1565168801906 success 2 448 447
1565168802107 put 79 99 448
1565168802107 rpc 8 3 439 447
1565168802107 tmp 79 99 8
1565168802107 tmp 54 97 8
1565168802107 tmp 85 42 8
1565168802107 tmp 79 99 8
1565168802107 tmp 85 42 8
1565168802107 tmp 54 97 8
1565168802107 tmp 85 42 8
1565168802107 tmp 54 97 8
1565168802107 tmp 85 42 8
1565168802107 rpc 8 8 447 447
1565168802107 tmp 79 99 8
1565168802107 rpc 8 8 447 447
1565168802107 tmp 79 99 8
1565168802107 rpc 8 8 447 447
1565168802107 tmp 79 99 8
1565168802113 success 2 449 448
1565168802113 success 3 449 448
1565168802314 put 54 97 449
1565168802314 rpc 8 3 439 448
1565168802314 tmp 54 97 8
1565168802314 tmp 79 99 8
1565168802314 tmp 54 97 8
1565168802314 tmp 85 42 8
1565168802314 tmp 79 99 8
1565168802314 tmp 85 42 8
1565168802314 tmp 54 97 8
1565168802314 tmp 85 42 8
1565168802314 tmp 54 97 8
1565168802314 tmp 85 42 8
1565168802314 rpc 8 8 447 448
1565168802314 tmp 54 97 8
1565168802314 tmp 79 99 8
1565168802314 rpc 8 8 448 448
1565168802314 tmp 54 97 8
1565168802314 rpc 8 8 448 448
1565168802314 tmp 54 97 8
1565168802321 success 2 450 449
1565168802321 success 3 450 449
1565168802523 put 10 15 450
1565168802523 rpc 8 3 439 449
1565168802523 tmp 10 15 8
1565168802523 tmp 54 97 8
1565168802523 tmp 79 99 8
1565168802523 tmp 54 97 8
1565168802523 tmp 85 42 8
1565168802523 tmp 79 99 8
1565168802523 tmp 85 42 8
1565168802523 tmp 54 97 8
1565168802523 tmp 85 42 8
1565168802523 tmp 54 97 8
1565168802523 tmp 85 42 8
1565168802523 rpc 8 8 447 449
1565168802523 tmp 10 15 8
1565168802523 tmp 54 97 8
1565168802523 tmp 79 99 8
1565168802523 rpc 8 8 449 449
1565168802523 tmp 10 15 8
1565168802523 rpc 8 8 449 449
1565168802523 tmp 10 15 8
1565168802525 success 3 451 450
1565168802525 success 2 451 450
1565168802726 put 54 97 451
1565168802726 rpc 8 3 439 450
1565168802726 tmp 54 97 8
1565168802726 tmp 10 15 8
1565168802726 tmp 54 97 8
1565168802726 tmp 79 99 8
1565168802726 tmp 54 97 8
1565168802726 tmp 85 42 8
1565168802726 tmp 79 99 8
1565168802726 tmp 85 42 8
1565168802726 tmp 54 97 8
1565168802726 tmp 85 42 8
1565168802726 tmp 54 97 8
1565168802726 tmp 85 42 8
1565168802726 rpc 8 8 447 450
1565168802726 tmp 54 97 8
1565168802726 tmp 10 15 8
1565168802726 tmp 54 97 8
1565168802726 tmp 79 99 8
1565168802726 rpc 8 8 450 450
1565168802726 tmp 54 97 8
1565168802726 rpc 8 8 450 450
1565168802726 tmp 54 97 8
1565168802729 success 2 452 451
1565168802729 success 3 452 451
1565168802930 put 79 99 452
1565168802930 rpc 8 3 439 451
1565168802930 tmp 79 99 8
1565168802930 tmp 54 97 8
1565168802930 tmp 10 15 8
1565168802930 tmp 54 97 8
1565168802930 tmp 79 99 8
1565168802930 tmp 54 97 8
1565168802930 tmp 85 42 8
1565168802930 tmp 79 99 8
1565168802930 tmp 85 42 8
1565168802930 tmp 54 97 8
1565168802930 tmp 85 42 8
1565168802930 tmp 54 97 8
1565168802930 tmp 85 42 8
1565168802930 rpc 8 8 447 451
1565168802930 tmp 79 99 8
1565168802930 tmp 54 97 8
1565168802930 tmp 10 15 8
1565168802930 tmp 54 97 8
1565168802930 tmp 79 99 8
1565168802930 rpc 8 8 451 451
1565168802930 tmp 79 99 8
1565168802930 rpc 8 8 451 451
1565168802930 tmp 79 99 8
1565168802933 success 2 453 452
1565168802933 success 3 453 452
1565168803134 put 10 15 453
1565168803134 rpc 8 3 439 452
1565168803134 tmp 10 15 8
1565168803134 tmp 79 99 8
1565168803134 tmp 54 97 8
1565168803134 tmp 10 15 8
1565168803134 tmp 54 97 8
1565168803134 tmp 79 99 8
1565168803134 tmp 54 97 8
1565168803134 tmp 85 42 8
1565168803134 tmp 79 99 8
1565168803134 tmp 85 42 8
1565168803134 tmp 54 97 8
1565168803134 tmp 85 42 8
1565168803134 tmp 54 97 8
1565168803134 tmp 85 42 8
1565168803134 rpc 8 8 447 452
1565168803134 tmp 10 15 8
1565168803134 tmp 79 99 8
1565168803134 tmp 54 97 8
1565168803134 tmp 10 15 8
1565168803134 tmp 54 97 8
1565168803134 tmp 79 99 8
1565168803134 rpc 8 8 452 452
1565168803134 tmp 10 15 8
1565168803134 rpc 8 8 452 452
1565168803134 tmp 10 15 8
1565168803141 success 2 454 453
1565168803141 success 3 454 453
1565168803346 put 79 99 454
1565168803346 rpc 8 3 439 453
1565168803346 tmp 79 99 8
1565168803346 tmp 10 15 8
1565168803346 tmp 79 99 8
1565168803346 tmp 54 97 8
1565168803346 tmp 10 15 8
1565168803346 tmp 54 97 8
1565168803346 tmp 79 99 8
1565168803346 tmp 54 97 8
1565168803346 tmp 85 42 8
1565168803346 tmp 79 99 8
1565168803346 tmp 85 42 8
1565168803346 tmp 54 97 8
1565168803346 tmp 85 42 8
1565168803346 tmp 54 97 8
1565168803346 tmp 85 42 8
1565168803346 rpc 8 8 447 453
1565168803346 tmp 79 99 8
1565168803346 tmp 10 15 8
1565168803346 tmp 79 99 8
1565168803346 tmp 54 97 8
1565168803346 tmp 10 15 8
1565168803346 tmp 54 97 8
1565168803346 tmp 79 99 8
1565168803346 rpc 8 8 453 453
1565168803346 tmp 79 99 8
1565168803346 rpc 8 8 453 453
1565168803346 tmp 79 99 8
1565168803352 success 2 455 454
1565168803353 success 3 455 454
1565168803555 put 47 35 455
1565168803555 rpc 8 3 439 454
1565168803555 tmp 47 35 8
1565168803555 tmp 79 99 8
1565168803555 tmp 10 15 8
1565168803555 tmp 79 99 8
1565168803555 tmp 54 97 8
1565168803555 tmp 10 15 8
1565168803555 tmp 54 97 8
1565168803555 tmp 79 99 8
1565168803555 tmp 54 97 8
1565168803555 tmp 85 42 8
1565168803555 tmp 79 99 8
1565168803555 tmp 85 42 8
1565168803555 tmp 54 97 8
1565168803555 tmp 85 42 8
1565168803555 tmp 54 97 8
1565168803555 tmp 85 42 8
1565168803555 rpc 8 8 447 454
1565168803555 tmp 47 35 8
1565168803555 tmp 79 99 8
1565168803555 tmp 10 15 8
1565168803555 tmp 79 99 8
1565168803555 tmp 54 97 8
1565168803555 tmp 10 15 8
1565168803555 tmp 54 97 8
1565168803555 tmp 79 99 8
1565168803555 rpc 8 8 454 454
1565168803555 tmp 47 35 8
1565168803555 rpc 8 8 454 454
1565168803555 tmp 47 35 8
1565168803565 success 2 456 455
1565168803565 success 3 456 455
1565168803766 put 79 99 456
1565168803766 rpc 8 3 439 455
1565168803766 tmp 79 99 8
1565168803766 tmp 47 35 8
1565168803766 tmp 79 99 8
1565168803766 tmp 10 15 8
1565168803766 tmp 79 99 8
1565168803766 tmp 54 97 8
1565168803766 tmp 10 15 8
1565168803766 tmp 54 97 8
1565168803766 tmp 79 99 8
1565168803766 tmp 54 97 8
1565168803766 tmp 85 42 8
1565168803766 tmp 79 99 8
1565168803766 tmp 85 42 8
1565168803766 tmp 54 97 8
1565168803766 tmp 85 42 8
1565168803766 tmp 54 97 8
1565168803766 tmp 85 42 8
1565168803766 rpc 8 8 447 455
1565168803766 tmp 79 99 8
1565168803766 tmp 47 35 8
1565168803766 tmp 79 99 8
1565168803766 tmp 10 15 8
1565168803766 tmp 79 99 8
1565168803766 tmp 54 97 8
1565168803766 tmp 10 15 8
1565168803766 tmp 54 97 8
1565168803766 tmp 79 99 8
1565168803766 rpc 8 8 455 455
1565168803766 tmp 79 99 8
1565168803766 rpc 8 8 455 455
1565168803766 tmp 79 99 8
1565168803773 success 2 457 456
1565168803774 success 3 457 456
1565168803976 put 10 15 457
1565168803976 rpc 8 3 439 456
1565168803976 tmp 10 15 8
1565168803976 tmp 79 99 8
1565168803976 tmp 47 35 8
1565168803976 tmp 79 99 8
1565168803976 tmp 10 15 8
1565168803976 tmp 79 99 8
1565168803976 tmp 54 97 8
1565168803976 tmp 10 15 8
1565168803976 tmp 54 97 8
1565168803976 tmp 79 99 8
1565168803976 tmp 54 97 8
1565168803976 tmp 85 42 8
1565168803976 tmp 79 99 8
1565168803976 tmp 85 42 8
1565168803976 tmp 54 97 8
1565168803976 tmp 85 42 8
1565168803976 tmp 54 97 8
1565168803976 tmp 85 42 8
1565168803976 rpc 8 8 447 456
1565168803976 tmp 10 15 8
1565168803976 tmp 79 99 8
1565168803976 tmp 47 35 8
1565168803976 tmp 79 99 8
1565168803976 tmp 10 15 8
1565168803976 tmp 79 99 8
1565168803976 tmp 54 97 8
1565168803976 tmp 10 15 8
1565168803976 tmp 54 97 8
1565168803976 tmp 79 99 8
1565168803976 rpc 8 8 456 456
1565168803976 tmp 10 15 8
1565168803976 rpc 8 8 456 456
1565168803976 tmp 10 15 8
1565168803985 success 2 458 457
1565168803985 success 3 458 457
1565168804187 put 47 35 458
1565168804187 rpc 8 3 439 457
1565168804187 tmp 47 35 8
1565168804187 tmp 10 15 8
1565168804187 tmp 79 99 8
1565168804187 tmp 47 35 8
1565168804187 tmp 79 99 8
1565168804187 tmp 10 15 8
1565168804187 tmp 79 99 8
1565168804187 tmp 54 97 8
1565168804187 tmp 10 15 8
1565168804187 tmp 54 97 8
1565168804187 tmp 79 99 8
1565168804187 tmp 54 97 8
1565168804187 tmp 85 42 8
1565168804187 tmp 79 99 8
1565168804187 tmp 85 42 8
1565168804187 tmp 54 97 8
1565168804187 tmp 85 42 8
1565168804187 tmp 54 97 8
1565168804187 tmp 85 42 8
1565168804187 rpc 8 8 447 457
1565168804187 tmp 47 35 8
1565168804187 tmp 10 15 8
1565168804187 tmp 79 99 8
1565168804187 tmp 47 35 8
1565168804187 tmp 79 99 8
1565168804187 tmp 10 15 8
1565168804187 tmp 79 99 8
1565168804187 tmp 54 97 8
1565168804187 tmp 10 15 8
1565168804187 tmp 54 97 8
1565168804187 tmp 79 99 8
1565168804187 rpc 8 8 457 457
1565168804187 tmp 47 35 8
1565168804187 rpc 8 8 457 457
1565168804187 tmp 47 35 8
1565168804190 success 2 459 458
1565168804190 success 3 459 458
1565168804391 put 10 15 459
1565168804391 rpc 8 3 439 458
1565168804391 tmp 10 15 8
1565168804391 tmp 47 35 8
1565168804391 tmp 10 15 8
1565168804391 tmp 79 99 8
1565168804391 tmp 47 35 8
1565168804392 tmp 79 99 8
1565168804392 tmp 10 15 8
1565168804392 tmp 79 99 8
1565168804392 tmp 54 97 8
1565168804392 tmp 10 15 8
1565168804392 tmp 54 97 8
1565168804392 tmp 79 99 8
1565168804392 tmp 54 97 8
1565168804392 tmp 85 42 8
1565168804392 tmp 79 99 8
1565168804392 tmp 85 42 8
1565168804392 tmp 54 97 8
1565168804392 tmp 85 42 8
1565168804392 tmp 54 97 8
1565168804392 tmp 85 42 8
1565168804392 rpc 8 8 447 458
1565168804392 tmp 10 15 8
1565168804392 tmp 47 35 8
1565168804392 tmp 10 15 8
1565168804392 tmp 79 99 8
1565168804392 tmp 47 35 8
1565168804392 tmp 79 99 8
1565168804392 tmp 10 15 8
1565168804392 tmp 79 99 8
1565168804392 tmp 54 97 8
1565168804392 tmp 10 15 8
1565168804392 tmp 54 97 8
1565168804392 tmp 79 99 8
1565168804392 rpc 8 8 458 458
1565168804392 tmp 10 15 8
1565168804392 rpc 8 8 458 458
1565168804392 tmp 10 15 8
1565168804396 success 2 460 459
1565168804400 success 3 460 459
1565168804605 put 66 64 460
1565168804605 rpc 8 3 439 459
1565168804605 tmp 66 64 8
1565168804605 tmp 10 15 8
1565168804605 tmp 47 35 8
1565168804605 tmp 10 15 8
1565168804605 tmp 79 99 8
1565168804605 tmp 47 35 8
1565168804605 tmp 79 99 8
1565168804605 tmp 10 15 8
1565168804605 tmp 79 99 8
1565168804605 tmp 54 97 8
1565168804605 tmp 10 15 8
1565168804605 tmp 54 97 8
1565168804605 tmp 79 99 8
1565168804605 tmp 54 97 8
1565168804605 tmp 85 42 8
1565168804605 tmp 79 99 8
1565168804605 tmp 85 42 8
1565168804605 tmp 54 97 8
1565168804605 tmp 85 42 8
1565168804605 tmp 54 97 8
1565168804605 tmp 85 42 8
1565168804605 rpc 8 8 447 459
1565168804605 tmp 66 64 8
1565168804605 tmp 10 15 8
1565168804605 tmp 47 35 8
1565168804605 tmp 10 15 8
1565168804605 tmp 79 99 8
1565168804605 tmp 47 35 8
1565168804605 tmp 79 99 8
1565168804605 tmp 10 15 8
1565168804605 tmp 79 99 8
1565168804605 tmp 54 97 8
1565168804605 tmp 10 15 8
1565168804605 tmp 54 97 8
1565168804605 tmp 79 99 8
1565168804605 rpc 8 8 459 459
1565168804605 tmp 66 64 8
1565168804605 rpc 8 8 459 459
1565168804605 tmp 66 64 8
1565168804609 success 2 461 460
1565168804609 success 3 461 460
1565168804810 put 10 15 461
1565168804810 rpc 8 3 439 460
1565168804810 tmp 10 15 8
1565168804810 tmp 66 64 8
1565168804810 tmp 10 15 8
1565168804810 tmp 47 35 8
1565168804810 tmp 10 15 8
1565168804810 tmp 79 99 8
1565168804810 tmp 47 35 8
1565168804810 tmp 79 99 8
1565168804810 tmp 10 15 8
1565168804810 tmp 79 99 8
1565168804810 tmp 54 97 8
1565168804810 tmp 10 15 8
1565168804810 tmp 54 97 8
1565168804810 tmp 79 99 8
1565168804810 tmp 54 97 8
1565168804810 tmp 85 42 8
1565168804810 tmp 79 99 8
1565168804810 tmp 85 42 8
1565168804810 tmp 54 97 8
1565168804810 tmp 85 42 8
1565168804810 tmp 54 97 8
1565168804810 tmp 85 42 8
1565168804810 rpc 8 8 447 460
1565168804810 tmp 10 15 8
1565168804810 tmp 66 64 8
1565168804810 tmp 10 15 8
1565168804810 tmp 47 35 8
1565168804810 tmp 10 15 8
1565168804810 tmp 79 99 8
1565168804810 tmp 47 35 8
1565168804810 tmp 79 99 8
1565168804810 tmp 10 15 8
1565168804810 tmp 79 99 8
1565168804810 tmp 54 97 8
1565168804810 tmp 10 15 8
1565168804810 tmp 54 97 8
1565168804810 tmp 79 99 8
1565168804811 rpc 8 8 460 460
1565168804811 tmp 10 15 8
1565168804811 rpc 8 8 460 460
1565168804811 tmp 10 15 8
1565168804812 success 2 462 461
1565168804812 success 3 462 461
1565168805013 put 47 35 462
1565168805013 rpc 8 3 439 461
1565168805013 tmp 47 35 8
1565168805013 tmp 10 15 8
1565168805013 tmp 66 64 8
1565168805013 tmp 10 15 8
1565168805013 tmp 47 35 8
1565168805013 tmp 10 15 8
1565168805013 tmp 79 99 8
1565168805013 tmp 47 35 8
1565168805013 tmp 79 99 8
1565168805013 tmp 10 15 8
1565168805013 tmp 79 99 8
1565168805013 tmp 54 97 8
1565168805013 tmp 10 15 8
1565168805013 tmp 54 97 8
1565168805013 tmp 79 99 8
1565168805013 tmp 54 97 8
1565168805013 tmp 85 42 8
1565168805013 tmp 79 99 8
1565168805013 tmp 85 42 8
1565168805013 tmp 54 97 8
1565168805013 tmp 85 42 8
1565168805013 tmp 54 97 8
1565168805013 tmp 85 42 8
1565168805013 rpc 8 8 447 461
1565168805013 tmp 47 35 8
1565168805013 tmp 10 15 8
1565168805013 tmp 66 64 8
1565168805013 tmp 10 15 8
1565168805013 tmp 47 35 8
1565168805013 tmp 10 15 8
1565168805013 tmp 79 99 8
1565168805013 tmp 47 35 8
1565168805013 tmp 79 99 8
1565168805013 tmp 10 15 8
1565168805013 tmp 79 99 8
1565168805013 tmp 54 97 8
1565168805013 tmp 10 15 8
1565168805013 tmp 54 97 8
1565168805013 tmp 79 99 8
1565168805013 rpc 8 8 461 461
1565168805013 tmp 47 35 8
1565168805013 rpc 8 8 461 461
1565168805013 tmp 47 35 8
1565168805016 success 2 463 462
1565168805016 success 3 463 462
1565168805217 put 66 64 463
1565168805217 rpc 8 3 439 462
1565168805217 tmp 66 64 8
1565168805217 tmp 47 35 8
1565168805217 tmp 10 15 8
1565168805217 tmp 66 64 8
1565168805217 tmp 10 15 8
1565168805217 tmp 47 35 8
1565168805217 tmp 10 15 8
1565168805217 tmp 79 99 8
1565168805217 tmp 47 35 8
1565168805217 tmp 79 99 8
1565168805217 tmp 10 15 8
1565168805217 tmp 79 99 8
1565168805217 tmp 54 97 8
1565168805217 tmp 10 15 8
1565168805217 tmp 54 97 8
1565168805217 tmp 79 99 8
1565168805217 tmp 54 97 8
1565168805217 tmp 85 42 8
1565168805217 tmp 79 99 8
1565168805217 tmp 85 42 8
1565168805217 tmp 54 97 8
1565168805217 tmp 85 42 8
1565168805217 tmp 54 97 8
1565168805217 tmp 85 42 8
1565168805217 rpc 8 8 447 462
1565168805217 tmp 66 64 8
1565168805217 tmp 47 35 8
1565168805217 tmp 10 15 8
1565168805217 tmp 66 64 8
1565168805217 tmp 10 15 8
1565168805217 tmp 47 35 8
1565168805217 tmp 10 15 8
1565168805217 tmp 79 99 8
1565168805217 tmp 47 35 8
1565168805217 tmp 79 99 8
1565168805217 tmp 10 15 8
1565168805217 tmp 79 99 8
1565168805217 tmp 54 97 8
1565168805217 tmp 10 15 8
1565168805217 tmp 54 97 8
1565168805217 tmp 79 99 8
1565168805217 rpc 8 8 462 462
1565168805217 tmp 66 64 8
1565168805217 rpc 8 8 462 462
1565168805217 tmp 66 64 8
1565168805222 success 2 464 463
1565168805222 success 3 464 463
1565168805426 put 47 35 464
1565168805426 rpc 8 3 439 463
1565168805426 tmp 47 35 8
1565168805426 tmp 66 64 8
1565168805426 tmp 47 35 8
1565168805426 tmp 10 15 8
1565168805426 tmp 66 64 8
1565168805426 tmp 10 15 8
1565168805426 tmp 47 35 8
1565168805426 tmp 10 15 8
1565168805426 tmp 79 99 8
1565168805426 tmp 47 35 8
1565168805426 tmp 79 99 8
1565168805426 tmp 10 15 8
1565168805426 tmp 79 99 8
1565168805426 tmp 54 97 8
1565168805426 tmp 10 15 8
1565168805426 tmp 54 97 8
1565168805426 tmp 79 99 8
1565168805426 tmp 54 97 8
1565168805426 tmp 85 42 8
1565168805426 tmp 79 99 8
1565168805426 tmp 85 42 8
1565168805426 tmp 54 97 8
1565168805426 tmp 85 42 8
1565168805426 tmp 54 97 8
1565168805426 tmp 85 42 8
1565168805426 rpc 8 8 447 463
1565168805426 tmp 47 35 8
1565168805426 tmp 66 64 8
1565168805426 tmp 47 35 8
1565168805426 tmp 10 15 8
1565168805426 tmp 66 64 8
1565168805426 tmp 10 15 8
1565168805426 tmp 47 35 8
1565168805426 tmp 10 15 8
1565168805426 tmp 79 99 8
1565168805426 tmp 47 35 8
1565168805426 tmp 79 99 8
1565168805426 tmp 10 15 8
1565168805426 tmp 79 99 8
1565168805426 tmp 54 97 8
1565168805426 tmp 10 15 8
1565168805426 tmp 54 97 8
1565168805426 tmp 79 99 8
1565168805426 rpc 8 8 463 463
1565168805426 tmp 47 35 8
1565168805426 rpc 8 8 463 463
1565168805426 tmp 47 35 8
1565168805432 success 3 465 464
1565168805432 success 2 465 464
1565168805633 put 60 100 465
1565168805633 rpc 8 3 439 464
1565168805633 tmp 60 100 8
1565168805633 tmp 47 35 8
1565168805633 tmp 66 64 8
1565168805633 tmp 47 35 8
1565168805633 tmp 10 15 8
1565168805633 tmp 66 64 8
1565168805633 tmp 10 15 8
1565168805633 tmp 47 35 8
1565168805633 tmp 10 15 8
1565168805633 tmp 79 99 8
1565168805633 tmp 47 35 8
1565168805633 tmp 79 99 8
1565168805633 tmp 10 15 8
1565168805633 tmp 79 99 8
1565168805633 tmp 54 97 8
1565168805633 tmp 10 15 8
1565168805633 tmp 54 97 8
1565168805633 tmp 79 99 8
1565168805633 tmp 54 97 8
1565168805633 tmp 85 42 8
1565168805633 tmp 79 99 8
1565168805633 tmp 85 42 8
1565168805633 tmp 54 97 8
1565168805633 tmp 85 42 8
1565168805633 tmp 54 97 8
1565168805633 tmp 85 42 8
1565168805633 rpc 8 8 447 464
1565168805633 tmp 60 100 8
1565168805633 tmp 47 35 8
1565168805633 tmp 66 64 8
1565168805633 tmp 47 35 8
1565168805633 tmp 10 15 8
1565168805633 tmp 66 64 8
1565168805633 tmp 10 15 8
1565168805633 tmp 47 35 8
1565168805633 tmp 10 15 8
1565168805633 tmp 79 99 8
1565168805633 tmp 47 35 8
1565168805633 tmp 79 99 8
1565168805633 tmp 10 15 8
1565168805633 tmp 79 99 8
1565168805633 tmp 54 97 8
1565168805633 tmp 10 15 8
1565168805633 tmp 54 97 8
1565168805633 tmp 79 99 8
1565168805633 rpc 8 8 464 464
1565168805633 tmp 60 100 8
1565168805633 rpc 8 8 464 464
1565168805633 tmp 60 100 8
1565168805641 success 2 466 465
1565168805641 success 3 466 465
1565168805842 put 47 35 466
1565168805842 rpc 8 3 439 465
1565168805842 tmp 47 35 8
1565168805842 tmp 60 100 8
1565168805842 tmp 47 35 8
1565168805842 tmp 66 64 8
1565168805842 tmp 47 35 8
1565168805842 tmp 10 15 8
1565168805842 tmp 66 64 8
1565168805842 tmp 10 15 8
1565168805842 tmp 47 35 8
1565168805842 tmp 10 15 8
1565168805842 tmp 79 99 8
1565168805842 tmp 47 35 8
1565168805842 tmp 79 99 8
1565168805842 tmp 10 15 8
1565168805842 tmp 79 99 8
1565168805842 tmp 54 97 8
1565168805842 tmp 10 15 8
1565168805842 tmp 54 97 8
1565168805842 tmp 79 99 8
1565168805842 tmp 54 97 8
1565168805842 tmp 85 42 8
1565168805842 tmp 79 99 8
1565168805842 tmp 85 42 8
1565168805842 tmp 54 97 8
1565168805842 tmp 85 42 8
1565168805842 tmp 54 97 8
1565168805842 tmp 85 42 8
1565168805843 rpc 8 8 447 465
1565168805843 tmp 47 35 8
1565168805843 tmp 60 100 8
1565168805843 tmp 47 35 8
1565168805843 tmp 66 64 8
1565168805843 tmp 47 35 8
1565168805843 tmp 10 15 8
1565168805843 tmp 66 64 8
1565168805843 tmp 10 15 8
1565168805843 tmp 47 35 8
1565168805843 tmp 10 15 8
1565168805843 tmp 79 99 8
1565168805843 tmp 47 35 8
1565168805843 tmp 79 99 8
1565168805843 tmp 10 15 8
1565168805843 tmp 79 99 8
1565168805843 tmp 54 97 8
1565168805843 tmp 10 15 8
1565168805843 tmp 54 97 8
1565168805843 tmp 79 99 8
1565168805843 rpc 8 8 465 465
1565168805843 tmp 47 35 8
1565168805843 rpc 8 8 465 465
1565168805843 tmp 47 35 8
1565168805845 success 2 467 466
1565168805846 success 3 467 466
1565168806018 success 1 467 466
1565168806047 put 66 64 467
1565168806047 rpc 8 3 439 466
1565168806047 tmp 66 64 8
1565168806047 tmp 47 35 8
1565168806047 tmp 60 100 8
1565168806047 tmp 47 35 8
1565168806047 tmp 66 64 8
1565168806047 tmp 47 35 8
1565168806047 tmp 10 15 8
1565168806047 tmp 66 64 8
1565168806047 tmp 10 15 8
1565168806047 tmp 47 35 8
1565168806047 tmp 10 15 8
1565168806047 tmp 79 99 8
1565168806047 tmp 47 35 8
1565168806047 tmp 79 99 8
1565168806047 tmp 10 15 8
1565168806047 tmp 79 99 8
1565168806047 tmp 54 97 8
1565168806047 tmp 10 15 8
1565168806047 tmp 54 97 8
1565168806047 tmp 79 99 8
1565168806047 tmp 54 97 8
1565168806047 tmp 85 42 8
1565168806047 tmp 79 99 8
1565168806047 tmp 85 42 8
1565168806047 tmp 54 97 8
1565168806047 tmp 85 42 8
1565168806047 tmp 54 97 8
1565168806047 tmp 85 42 8
1565168806047 rpc 8 8 466 466
1565168806047 tmp 66 64 8
1565168806047 rpc 8 8 466 466
1565168806047 tmp 66 64 8
1565168806047 rpc 8 8 466 466
1565168806047 tmp 66 64 8
1565168806050 success 1 468 467
1565168806050 success 2 468 467
1565168806051 success 3 468 467
1565168806253 put 60 100 468
1565168806253 rpc 8 3 439 467
1565168806253 tmp 60 100 8
1565168806253 tmp 66 64 8
1565168806253 tmp 47 35 8
1565168806253 tmp 60 100 8
1565168806253 tmp 47 35 8
1565168806253 tmp 66 64 8
1565168806253 tmp 47 35 8
1565168806253 tmp 10 15 8
1565168806253 tmp 66 64 8
1565168806253 tmp 10 15 8
1565168806253 tmp 47 35 8
1565168806253 tmp 10 15 8
1565168806253 tmp 79 99 8
1565168806253 tmp 47 35 8
1565168806253 tmp 79 99 8
1565168806253 tmp 10 15 8
1565168806253 tmp 79 99 8
1565168806253 tmp 54 97 8
1565168806253 tmp 10 15 8
1565168806253 tmp 54 97 8
1565168806253 tmp 79 99 8
1565168806253 tmp 54 97 8
1565168806253 tmp 85 42 8
1565168806253 tmp 79 99 8
1565168806253 tmp 85 42 8
1565168806253 tmp 54 97 8
1565168806253 tmp 85 42 8
1565168806253 tmp 54 97 8
1565168806253 tmp 85 42 8
1565168806253 rpc 8 8 467 467
1565168806253 tmp 60 100 8
1565168806253 rpc 8 8 467 467
1565168806253 tmp 60 100 8
1565168806253 rpc 8 8 467 467
1565168806253 tmp 60 100 8
1565168806258 success 1 469 468
1565168806259 success 2 469 468
1565168806259 success 3 469 468
1565168806461 put 66 64 469
1565168806461 rpc 8 3 439 468
1565168806461 tmp 66 64 8
1565168806461 tmp 60 100 8
1565168806461 tmp 66 64 8
1565168806461 tmp 47 35 8
1565168806461 tmp 60 100 8
1565168806461 tmp 47 35 8
1565168806461 tmp 66 64 8
1565168806461 tmp 47 35 8
1565168806461 tmp 10 15 8
1565168806461 tmp 66 64 8
1565168806461 tmp 10 15 8
1565168806461 tmp 47 35 8
1565168806461 tmp 10 15 8
1565168806461 tmp 79 99 8
1565168806461 tmp 47 35 8
1565168806461 tmp 79 99 8
1565168806461 tmp 10 15 8
1565168806461 tmp 79 99 8
1565168806461 tmp 54 97 8
1565168806461 tmp 10 15 8
1565168806461 tmp 54 97 8
1565168806461 tmp 79 99 8
1565168806461 tmp 54 97 8
1565168806461 tmp 85 42 8
1565168806461 tmp 79 99 8
1565168806461 tmp 85 42 8
1565168806461 tmp 54 97 8
1565168806461 tmp 85 42 8
1565168806461 tmp 54 97 8
1565168806461 tmp 85 42 8
1565168806461 rpc 8 8 468 468
1565168806461 tmp 66 64 8
1565168806461 rpc 8 8 468 468
1565168806461 tmp 66 64 8
1565168806461 rpc 8 8 468 468
1565168806461 tmp 66 64 8
1565168806471 success 1 470 469
1565168806473 success 3 470 469
1565168806473 success 2 470 469
1565168806684 put 23 39 470
1565168806684 rpc 8 3 439 469
1565168806684 tmp 23 39 8
1565168806684 tmp 66 64 8
1565168806684 tmp 60 100 8
1565168806684 tmp 66 64 8
1565168806684 tmp 47 35 8
1565168806684 tmp 60 100 8
1565168806684 tmp 47 35 8
1565168806684 tmp 66 64 8
1565168806684 tmp 47 35 8
1565168806684 tmp 10 15 8
1565168806684 tmp 66 64 8
1565168806684 tmp 10 15 8
1565168806684 tmp 47 35 8
1565168806684 tmp 10 15 8
1565168806684 tmp 79 99 8
1565168806684 tmp 47 35 8
1565168806684 tmp 79 99 8
1565168806684 tmp 10 15 8
1565168806684 tmp 79 99 8
1565168806684 tmp 54 97 8
1565168806684 tmp 10 15 8
1565168806684 tmp 54 97 8
1565168806684 tmp 79 99 8
1565168806684 tmp 54 97 8
1565168806684 tmp 85 42 8
1565168806684 tmp 79 99 8
1565168806684 tmp 85 42 8
1565168806684 tmp 54 97 8
1565168806684 tmp 85 42 8
1565168806684 tmp 54 97 8
1565168806684 tmp 85 42 8
1565168806684 rpc 8 8 469 469
1565168806684 tmp 23 39 8
1565168806684 rpc 8 8 469 469
1565168806684 tmp 23 39 8
1565168806684 rpc 8 8 469 469
1565168806684 tmp 23 39 8
1565168806685 success 2 471 470
1565168806686 success 1 471 470
1565168806686 success 3 471 470
1565168806893 put 66 64 471
1565168806893 rpc 8 3 439 470
1565168806893 tmp 66 64 8
1565168806893 tmp 23 39 8
1565168806893 tmp 66 64 8
1565168806893 tmp 60 100 8
1565168806893 tmp 66 64 8
1565168806893 tmp 47 35 8
1565168806893 tmp 60 100 8
1565168806893 tmp 47 35 8
1565168806893 tmp 66 64 8
1565168806893 tmp 47 35 8
1565168806893 tmp 10 15 8
1565168806893 tmp 66 64 8
1565168806893 tmp 10 15 8
1565168806893 tmp 47 35 8
1565168806893 tmp 10 15 8
1565168806893 tmp 79 99 8
1565168806893 tmp 47 35 8
1565168806893 tmp 79 99 8
1565168806893 tmp 10 15 8
1565168806893 tmp 79 99 8
1565168806893 tmp 54 97 8
1565168806893 tmp 10 15 8
1565168806893 tmp 54 97 8
1565168806893 tmp 79 99 8
1565168806893 tmp 54 97 8
1565168806893 tmp 85 42 8
1565168806893 tmp 79 99 8
1565168806893 tmp 85 42 8
1565168806893 tmp 54 97 8
1565168806893 tmp 85 42 8
1565168806893 tmp 54 97 8
1565168806893 tmp 85 42 8
1565168806893 rpc 8 8 470 470
1565168806893 tmp 66 64 8
1565168806893 rpc 8 8 470 470
1565168806893 tmp 66 64 8
1565168806893 rpc 8 8 470 470
1565168806893 tmp 66 64 8
1565168806904 success 1 472 471
1565168806905 success 2 472 471
1565168806907 success 3 472 471
1565168807108 put 60 100 472
1565168807108 rpc 8 3 439 471
1565168807108 tmp 60 100 8
1565168807108 tmp 66 64 8
1565168807108 tmp 23 39 8
1565168807108 tmp 66 64 8
1565168807108 tmp 60 100 8
1565168807108 tmp 66 64 8
1565168807108 tmp 47 35 8
1565168807108 tmp 60 100 8
1565168807108 tmp 47 35 8
1565168807108 tmp 66 64 8
1565168807108 tmp 47 35 8
1565168807108 tmp 10 15 8
1565168807108 tmp 66 64 8
1565168807108 tmp 10 15 8
1565168807108 tmp 47 35 8
1565168807108 tmp 10 15 8
1565168807108 tmp 79 99 8
1565168807108 tmp 47 35 8
1565168807108 tmp 79 99 8
1565168807108 tmp 10 15 8
1565168807108 tmp 79 99 8
1565168807108 tmp 54 97 8
1565168807108 tmp 10 15 8
1565168807108 tmp 54 97 8
1565168807108 tmp 79 99 8
1565168807108 tmp 54 97 8
1565168807108 tmp 85 42 8
1565168807108 tmp 79 99 8
1565168807108 tmp 85 42 8
1565168807108 tmp 54 97 8
1565168807108 tmp 85 42 8
1565168807108 tmp 54 97 8
1565168807108 tmp 85 42 8
1565168807108 rpc 8 8 471 471
1565168807108 tmp 60 100 8
1565168807108 rpc 8 8 471 471
1565168807108 tmp 60 100 8
1565168807108 rpc 8 8 471 471
1565168807108 tmp 60 100 8
1565168807127 success 2 473 472
1565168807127 success 3 473 472
1565168807130 success 1 473 472
1565168807330 put 23 39 473
1565168807330 rpc 8 3 439 472
1565168807330 tmp 23 39 8
1565168807330 tmp 60 100 8
1565168807330 tmp 66 64 8
1565168807330 tmp 23 39 8
1565168807330 tmp 66 64 8
1565168807330 tmp 60 100 8
1565168807331 tmp 66 64 8
1565168807331 tmp 47 35 8
1565168807331 tmp 60 100 8
1565168807331 tmp 47 35 8
1565168807331 tmp 66 64 8
1565168807331 tmp 47 35 8
1565168807331 tmp 10 15 8
1565168807331 tmp 66 64 8
1565168807331 tmp 10 15 8
1565168807331 tmp 47 35 8
1565168807331 tmp 10 15 8
1565168807331 tmp 79 99 8
1565168807331 tmp 47 35 8
1565168807331 tmp 79 99 8
1565168807331 tmp 10 15 8
1565168807331 tmp 79 99 8
1565168807331 tmp 54 97 8
1565168807331 tmp 10 15 8
1565168807331 tmp 54 97 8
1565168807331 tmp 79 99 8
1565168807331 tmp 54 97 8
1565168807331 tmp 85 42 8
1565168807331 tmp 79 99 8
1565168807331 tmp 85 42 8
1565168807331 tmp 54 97 8
1565168807331 tmp 85 42 8
1565168807331 tmp 54 97 8
1565168807331 tmp 85 42 8
1565168807331 rpc 8 8 472 472
1565168807331 tmp 23 39 8
1565168807331 rpc 8 8 472 472
1565168807331 tmp 23 39 8
1565168807331 rpc 8 8 472 472
1565168807331 tmp 23 39 8
1565168807337 success 1 474 473
1565168807337 success 2 474 473
1565168807338 success 3 474 473
1565168807540 put 60 100 474
1565168807540 rpc 8 3 439 473
1565168807540 tmp 60 100 8
1565168807540 tmp 23 39 8
1565168807540 tmp 60 100 8
1565168807540 tmp 66 64 8
1565168807540 tmp 23 39 8
1565168807540 tmp 66 64 8
1565168807540 tmp 60 100 8
1565168807540 tmp 66 64 8
1565168807540 tmp 47 35 8
1565168807540 tmp 60 100 8
1565168807540 tmp 47 35 8
1565168807540 tmp 66 64 8
1565168807540 tmp 47 35 8
1565168807540 tmp 10 15 8
1565168807540 tmp 66 64 8
1565168807540 tmp 10 15 8
1565168807540 tmp 47 35 8
1565168807540 tmp 10 15 8
1565168807540 tmp 79 99 8
1565168807540 tmp 47 35 8
1565168807540 tmp 79 99 8
1565168807540 tmp 10 15 8
1565168807540 tmp 79 99 8
1565168807540 tmp 54 97 8
1565168807540 tmp 10 15 8
1565168807540 tmp 54 97 8
1565168807540 tmp 79 99 8
1565168807540 tmp 54 97 8
1565168807540 tmp 85 42 8
1565168807540 tmp 79 99 8
1565168807540 tmp 85 42 8
1565168807540 tmp 54 97 8
1565168807540 tmp 85 42 8
1565168807540 tmp 54 97 8
1565168807540 tmp 85 42 8
1565168807540 rpc 8 8 473 473
1565168807540 tmp 60 100 8
1565168807540 rpc 8 8 473 473
1565168807540 tmp 60 100 8
1565168807540 rpc 8 8 473 473
1565168807540 tmp 60 100 8
1565168807552 success 2 475 474
1565168807552 success 1 475 474
1565168807552 success 3 475 474
1565168807756 put 29 12 475
1565168807756 rpc 8 3 439 474
1565168807756 tmp 29 12 8
1565168807756 tmp 60 100 8
1565168807756 tmp 23 39 8
1565168807756 tmp 60 100 8
1565168807756 tmp 66 64 8
1565168807756 tmp 23 39 8
1565168807756 tmp 66 64 8
1565168807756 tmp 60 100 8
1565168807756 tmp 66 64 8
1565168807756 tmp 47 35 8
1565168807756 tmp 60 100 8
1565168807756 tmp 47 35 8
1565168807756 tmp 66 64 8
1565168807756 tmp 47 35 8
1565168807756 tmp 10 15 8
1565168807756 tmp 66 64 8
1565168807756 tmp 10 15 8
1565168807756 tmp 47 35 8
1565168807756 tmp 10 15 8
1565168807756 tmp 79 99 8
1565168807756 tmp 47 35 8
1565168807756 tmp 79 99 8
1565168807756 tmp 10 15 8
1565168807756 tmp 79 99 8
1565168807756 tmp 54 97 8
1565168807756 tmp 10 15 8
1565168807756 tmp 54 97 8
1565168807756 tmp 79 99 8
1565168807756 tmp 54 97 8
1565168807756 tmp 85 42 8
1565168807756 tmp 79 99 8
1565168807756 tmp 85 42 8
1565168807756 tmp 54 97 8
1565168807756 tmp 85 42 8
1565168807756 tmp 54 97 8
1565168807756 tmp 85 42 8
1565168807756 rpc 8 8 474 474
1565168807756 tmp 29 12 8
1565168807756 rpc 8 8 474 474
1565168807756 tmp 29 12 8
1565168807756 rpc 8 8 474 474
1565168807756 tmp 29 12 8
1565168807763 success 1 476 475
1565168807765 success 2 476 475
1565168807772 success 3 476 475
1565168807978 put 60 100 476
1565168807978 rpc 8 3 439 475
1565168807978 tmp 60 100 8
1565168807978 tmp 29 12 8
1565168807978 tmp 60 100 8
1565168807978 tmp 23 39 8
1565168807978 tmp 60 100 8
1565168807978 tmp 66 64 8
1565168807978 tmp 23 39 8
1565168807978 tmp 66 64 8
1565168807978 tmp 60 100 8
1565168807978 tmp 66 64 8
1565168807978 tmp 47 35 8
1565168807978 tmp 60 100 8
1565168807978 tmp 47 35 8
1565168807978 tmp 66 64 8
1565168807978 tmp 47 35 8
1565168807978 tmp 10 15 8
1565168807978 tmp 66 64 8
1565168807978 tmp 10 15 8
1565168807978 tmp 47 35 8
1565168807978 tmp 10 15 8
1565168807978 tmp 79 99 8
1565168807978 tmp 47 35 8
1565168807978 tmp 79 99 8
1565168807978 tmp 10 15 8
1565168807978 tmp 79 99 8
1565168807978 tmp 54 97 8
1565168807978 tmp 10 15 8
1565168807978 tmp 54 97 8
1565168807978 tmp 79 99 8
1565168807978 tmp 54 97 8
1565168807978 tmp 85 42 8
1565168807978 tmp 79 99 8
1565168807978 tmp 85 42 8
1565168807978 tmp 54 97 8
1565168807978 tmp 85 42 8
1565168807978 tmp 54 97 8
1565168807978 tmp 85 42 8
1565168807978 rpc 8 8 475 475
1565168807978 tmp 60 100 8
1565168807978 rpc 8 8 475 475
1565168807978 tmp 60 100 8
1565168807978 rpc 8 8 475 475
1565168807978 tmp 60 100 8
1565168807989 success 2 477 476
1565168807989 success 1 477 476
1565168807990 success 3 477 476
1565168808144 success 0 477 476
1565168808147 put 23 39 477
1565168808147 rpc 8 8 476 476
1565168808147 tmp 23 39 8
1565168808147 rpc 8 8 476 476
1565168808147 tmp 23 39 8
1565168808147 rpc 8 8 476 476
1565168808147 tmp 23 39 8
1565168808147 rpc 8 8 476 476
1565168808147 tmp 23 39 8
1565168808161 success 2 478 477
1565168808163 success 3 478 477
1565168808169 success 1 478 477
1565168808207 success 0 478 477
1565168808207 put 29 12 478
1565168808207 rpc 8 8 477 477
1565168808207 tmp 29 12 8
1565168808207 rpc 8 8 477 477
1565168808207 tmp 29 12 8
1565168808207 rpc 8 8 477 477
1565168808207 tmp 29 12 8
1565168808207 rpc 8 8 477 477
1565168808207 tmp 29 12 8
1565168808210 success 1 479 478
1565168808213 success 3 479 478
1565168808214 success 2 479 478
1565168808214 success 0 479 478
1565168808214 put 23 39 479
1565168808214 rpc 8 8 478 478
1565168808214 tmp 23 39 8
1565168808214 rpc 8 8 478 478
1565168808214 tmp 23 39 8
1565168808214 rpc 8 8 478 478
1565168808214 tmp 23 39 8
1565168808214 rpc 8 8 478 478
1565168808214 tmp 23 39 8
1565168808227 success 1 480 479
1565168808233 success 2 480 479
1565168808236 success 3 480 479
1565168808239 success 0 480 479
1565168808239 put 51 34 480
1565168808239 rpc 8 8 479 479
1565168808239 tmp 51 34 8
1565168808239 rpc 8 8 479 479
1565168808239 tmp 51 34 8
1565168808239 rpc 8 8 479 479
1565168808239 tmp 51 34 8
1565168808239 rpc 8 8 479 479
1565168808239 tmp 51 34 8
1565168808242 success 1 481 480
1565168808253 success 2 481 480
1565168808254 success 3 481 480
1565168808261 success 0 481 480
1565168808261 put 23 39 481
1565168808261 rpc 8 8 480 480
1565168808261 tmp 23 39 8
1565168808261 rpc 8 8 480 480
1565168808261 tmp 23 39 8
1565168808261 rpc 8 8 480 480
1565168808261 tmp 23 39 8
1565168808261 rpc 8 8 480 480
1565168808261 tmp 23 39 8
1565168808268 success 3 482 481
1565168808268 success 1 482 481
1565168808269 success 0 482 481
1565168808273 success 2 482 481
1565168808273 put 29 12 482
1565168808273 rpc 8 8 481 481
1565168808273 tmp 29 12 8
1565168808273 rpc 8 8 481 481
1565168808273 tmp 29 12 8
1565168808273 rpc 8 8 481 481
1565168808273 tmp 29 12 8
1565168808273 rpc 8 8 481 481
1565168808273 tmp 29 12 8
1565168808293 success 0 483 482
1565168808295 success 1 483 482
1565168808298 success 2 483 482
1565168808301 success 3 483 482
1565168808301 put 51 34 483
1565168808301 rpc 8 8 482 482
1565168808301 tmp 51 34 8
1565168808301 rpc 8 8 482 482
1565168808301 tmp 51 34 8
1565168808301 rpc 8 8 482 482
1565168808301 tmp 51 34 8
1565168808301 rpc 8 8 482 482
1565168808301 tmp 51 34 8
1565168808303 success 0 484 483
1565168808304 success 1 484 483
1565168808305 success 2 484 483
1565168808306 success 3 484 483
1565168808306 put 29 12 484
1565168808306 rpc 8 8 483 483
1565168808306 tmp 29 12 8
1565168808306 rpc 8 8 483 483
1565168808306 tmp 29 12 8
1565168808306 rpc 8 8 483 483
1565168808306 tmp 29 12 8
1565168808306 rpc 8 8 483 483
1565168808306 tmp 29 12 8
1565168808309 success 0 485 484
1565168808310 success 1 485 484
1565168808311 success 3 485 484
1565168808313 success 2 485 484
1565168808313 put 38 91 485
1565168808313 rpc 8 8 484 484
1565168808313 tmp 38 91 8
1565168808313 rpc 8 8 484 484
1565168808313 tmp 38 91 8
1565168808313 rpc 8 8 484 484
1565168808313 tmp 38 91 8
1565168808313 rpc 8 8 484 484
1565168808313 tmp 38 91 8
1565168808327 success 0 486 485
1565168808332 success 1 486 485
1565168808333 success 2 486 485
1565168808333 success 3 486 485
1565168808337 put 29 12 486
1565168808337 rpc 8 8 485 485
1565168808337 tmp 29 12 8
1565168808337 rpc 8 8 485 485
1565168808337 tmp 29 12 8
1565168808337 rpc 8 8 485 485
1565168808337 tmp 29 12 8
1565168808337 rpc 8 8 485 485
1565168808337 tmp 29 12 8
1565168808345 success 1 487 486
1565168808346 success 0 487 486
1565168808346 success 3 487 486
1565168808347 success 2 487 486
1565168808347 put 51 34 487
1565168808347 rpc 8 8 486 486
1565168808347 tmp 51 34 8
1565168808347 rpc 8 8 486 486
1565168808347 tmp 51 34 8
1565168808347 rpc 8 8 486 486
1565168808347 tmp 51 34 8
1565168808347 rpc 8 8 486 486
1565168808347 tmp 51 34 8
1565168808369 success 3 488 487
1565168808370 success 1 488 487
1565168808370 success 2 488 487
1565168808371 success 0 488 487
1565168808372 put 38 91 488
1565168808372 rpc 8 8 487 487
1565168808372 tmp 38 91 8
1565168808373 rpc 8 8 487 487
1565168808373 tmp 38 91 8
1565168808373 rpc 8 8 487 487
1565168808373 tmp 38 91 8
1565168808373 rpc 8 8 487 487
1565168808373 tmp 38 91 8
1565168808375 success 0 489 488
1565168808375 success 1 489 488
1565168808376 success 3 489 488
1565168808377 success 2 489 488
1565168808377 put 51 34 489
1565168808377 rpc 8 8 488 488
1565168808377 tmp 51 34 8
1565168808377 rpc 8 8 488 488
1565168808377 tmp 51 34 8
1565168808377 rpc 8 8 488 488
1565168808377 tmp 51 34 8
1565168808377 rpc 8 8 488 488
1565168808377 tmp 51 34 8
1565168808389 success 0 490 489
1565168808389 success 1 490 489
1565168808391 success 2 490 489
1565168808392 success 3 490 489
1565168808392 put 9 47 490
1565168808392 rpc 8 8 489 489
1565168808392 tmp 9 47 8
1565168808392 rpc 8 8 489 489
1565168808392 tmp 9 47 8
1565168808392 rpc 8 8 489 489
1565168808392 tmp 9 47 8
1565168808392 rpc 8 8 489 489
1565168808392 tmp 9 47 8
1565168808406 success 0 491 490
1565168808406 success 1 491 490
1565168808407 success 3 491 490
1565168808407 success 2 491 490
1565168808407 put 51 34 491
1565168808407 rpc 8 8 490 490
1565168808407 tmp 51 34 8
1565168808407 rpc 8 8 490 490
1565168808407 tmp 51 34 8
1565168808407 rpc 8 8 490 490
1565168808407 tmp 51 34 8
1565168808407 rpc 8 8 490 490
1565168808407 tmp 51 34 8
1565168808417 success 1 492 491
1565168808420 success 2 492 491
1565168808420 success 3 492 491
1565168808425 success 0 492 491
1565168808425 put 38 91 492
1565168808425 rpc 8 8 491 491
1565168808425 tmp 38 91 8
1565168808425 rpc 8 8 491 491
1565168808425 tmp 38 91 8
1565168808425 rpc 8 8 491 491
1565168808425 tmp 38 91 8
1565168808425 rpc 8 8 491 491
1565168808425 tmp 38 91 8
1565168808434 success 0 493 492
1565168808434 success 1 493 492
1565168808435 success 2 493 492
1565168808444 success 3 493 492
1565168808444 put 9 47 493
1565168808444 rpc 8 8 492 492
1565168808444 tmp 9 47 8
1565168808444 rpc 8 8 492 492
1565168808444 tmp 9 47 8
1565168808445 rpc 8 8 492 492
1565168808445 tmp 9 47 8
1565168808445 rpc 8 8 492 492
1565168808445 tmp 9 47 8
1565168808458 success 0 494 493
1565168808458 success 1 494 493
1565168808459 success 3 494 493
1565168808459 success 2 494 493
1565168808459 put 38 91 494
1565168808459 rpc 8 8 493 493
1565168808459 tmp 38 91 8
1565168808460 rpc 8 8 493 493
1565168808460 tmp 38 91 8
1565168808460 rpc 8 8 493 493
1565168808460 tmp 38 91 8
1565168808460 rpc 8 8 493 493
1565168808460 tmp 38 91 8
1565168808467 success 0 495 494
1565168808468 success 1 495 494
1565168808468 success 3 495 494
1565168808469 success 2 495 494
1565168808469 put 67 14 495
1565168808469 rpc 8 8 494 494
1565168808469 tmp 67 14 8
1565168808469 rpc 8 8 494 494
1565168808469 tmp 67 14 8
1565168808470 rpc 8 8 494 494
1565168808470 tmp 67 14 8
1565168808470 rpc 8 8 494 494
1565168808470 tmp 67 14 8
1565168808474 success 0 496 495
1565168808474 success 1 496 495
1565168808475 success 3 496 495
1565168808482 success 2 496 495
1565168808482 put 38 91 496
1565168808482 rpc 8 8 495 495
1565168808482 tmp 38 91 8
1565168808482 rpc 8 8 495 495
1565168808482 tmp 38 91 8
1565168808482 rpc 8 8 495 495
1565168808482 tmp 38 91 8
1565168808482 rpc 8 8 495 495
1565168808482 tmp 38 91 8
1565168808494 success 3 497 496
1565168808494 success 2 497 496
1565168808496 success 1 497 496
1565168808497 success 0 497 496
1565168808497 put 9 47 497
1565168808497 rpc 8 8 496 496
1565168808497 tmp 9 47 8
1565168808497 rpc 8 8 496 496
1565168808497 tmp 9 47 8
1565168808497 rpc 8 8 496 496
1565168808500 tmp 9 47 8
1565168808500 rpc 8 8 496 496
1565168808500 tmp 9 47 8
1565168808506 success 0 498 497
1565168808507 success 1 498 497
1565168808509 success 2 498 497
1565168808510 success 3 498 497
1565168808510 put 67 14 498
1565168808510 rpc 8 8 497 497
1565168808510 tmp 67 14 8
1565168808510 rpc 8 8 497 497
1565168808510 tmp 67 14 8
1565168808510 rpc 8 8 497 497
1565168808510 tmp 67 14 8
1565168808510 rpc 8 8 497 497
1565168808510 tmp 67 14 8
1565168808512 success 0 499 498
1565168808514 success 2 499 498
1565168808515 success 1 499 498
1565168808521 success 3 499 498
1565168808525 put 9 47 499
1565168808525 rpc 8 8 498 498
1565168808525 tmp 9 47 8
1565168808525 rpc 8 8 498 498
1565168808525 tmp 9 47 8
1565168808525 rpc 8 8 498 498
1565168808525 tmp 9 47 8
1565168808525 rpc 8 8 498 498
1565168808525 tmp 9 47 8
1565168808533 success 0 500 499
1565168808534 success 1 500 499
1565168808537 success 2 500 499
1565168808537 success 3 500 499
1565168808538 put 38 36 500
1565168808538 rpc 8 8 499 499
1565168808538 tmp 38 36 8
1565168808538 rpc 8 8 499 499
1565168808538 tmp 38 36 8
1565168808538 rpc 8 8 499 499
1565168808538 tmp 38 36 8
1565168808538 rpc 8 8 499 499
1565168808538 tmp 38 36 8
1565168808546 success 0 501 500
1565168808548 success 1 501 500
1565168808549 success 2 501 500
1565168808550 success 3 501 500
1565168808550 put 9 47 501
1565168808550 rpc 8 8 500 500
1565168808550 tmp 9 47 8
1565168808550 rpc 8 8 500 500
1565168808550 tmp 9 47 8
1565168808550 rpc 8 8 500 500
1565168808550 tmp 9 47 8
1565168808550 rpc 8 8 500 500
1565168808550 tmp 9 47 8
1565168808565 success 2 502 501
1565168808569 success 3 502 501
1565168808570 success 1 502 501
1565168808570 success 0 502 501
1565168808570 put 67 14 502
1565168808570 rpc 8 8 501 501
1565168808570 tmp 67 14 8
1565168808570 rpc 8 8 501 501
1565168808570 tmp 67 14 8
1565168808570 rpc 8 8 501 501
1565168808570 tmp 67 14 8
1565168808570 rpc 8 8 501 501
1565168808570 tmp 67 14 8
1565168808571 success 0 503 502
1565168808572 success 1 503 502
1565168808572 success 2 503 502
1565168808577 success 3 503 502
1565168808577 put 38 36 503
1565168808577 rpc 8 8 502 502
1565168808577 tmp 38 36 8
1565168808577 rpc 8 8 502 502
1565168808577 tmp 38 36 8
1565168808577 rpc 8 8 502 502
1565168808577 tmp 38 36 8
1565168808577 rpc 8 8 502 502
1565168808577 tmp 38 36 8
1565168808582 success 0 504 503
1565168808583 success 1 504 503
1565168808583 success 3 504 503
1565168808584 success 2 504 503
1565168808584 put 67 14 504
1565168808584 rpc 8 8 503 503
1565168808584 tmp 67 14 8
1565168808584 rpc 8 8 503 503
1565168808584 tmp 67 14 8
1565168808584 rpc 8 8 503 503
1565168808584 tmp 67 14 8
1565168808584 rpc 8 8 503 503
1565168808584 tmp 67 14 8
1565168808606 success 0 505 504
1565168808607 success 1 505 504
1565168808608 success 3 505 504
1565168808608 success 2 505 504
1565168808608 put 47 27 505
1565168808608 rpc 8 8 504 504
1565168808608 tmp 47 27 8
1565168808608 rpc 8 8 504 504
1565168808608 tmp 47 27 8
1565168808608 rpc 8 8 504 504
1565168808608 tmp 47 27 8
1565168808608 rpc 8 8 504 504
1565168808608 tmp 47 27 8
1565168808634 success 0 506 505
1565168808635 success 2 506 505
1565168808635 success 1 506 505
1565168808636 success 3 506 505
1565168808636 put 67 14 506
1565168808636 rpc 8 8 505 505
1565168808636 tmp 67 14 8
1565168808636 rpc 8 8 505 505
1565168808636 tmp 67 14 8
1565168808636 rpc 8 8 505 505
1565168808636 tmp 67 14 8
1565168808636 rpc 8 8 505 505
1565168808636 tmp 67 14 8
1565168808652 success 0 507 506
1565168808653 success 1 507 506
1565168808655 success 3 507 506
1565168808657 success 2 507 506
1565168808657 put 38 36 507
1565168808657 rpc 8 8 506 506
1565168808657 tmp 38 36 8
1565168808657 rpc 8 8 506 506
1565168808657 tmp 38 36 8
1565168808657 rpc 8 8 506 506
1565168808657 tmp 38 36 8
1565168808657 rpc 8 8 506 506
1565168808657 tmp 38 36 8
1565168808660 success 0 508 507
1565168808668 success 2 508 507
1565168808673 success 3 508 507
1565168808673 success 1 508 507
1565168808673 put 47 27 508
1565168808673 rpc 8 8 507 507
1565168808673 tmp 47 27 8
1565168808673 rpc 8 8 507 507
1565168808673 tmp 47 27 8
1565168808673 rpc 8 8 507 507
1565168808673 tmp 47 27 8
1565168808673 rpc 8 8 507 507
1565168808673 tmp 47 27 8
1565168808680 success 0 509 508
1565168808681 success 1 509 508
1565168808681 success 3 509 508
1565168808682 success 2 509 508
1565168808683 put 38 36 509
1565168808683 rpc 8 8 508 508
1565168808683 tmp 38 36 8
1565168808683 rpc 8 8 508 508
1565168808683 tmp 38 36 8
1565168808683 rpc 8 8 508 508
1565168808683 tmp 38 36 8
1565168808683 rpc 8 8 508 508
1565168808683 tmp 38 36 8
1565168808703 success 0 510 509
1565168808704 success 1 510 509
1565168808705 success 2 510 509
1565168808705 success 3 510 509
1565168808705 put 41 96 510
1565168808705 rpc 8 8 509 509
1565168808705 tmp 41 96 8
1565168808705 rpc 8 8 509 509
1565168808705 tmp 41 96 8
1565168808705 rpc 8 8 509 509
1565168808705 tmp 41 96 8
1565168808705 rpc 8 8 509 509
1565168808705 tmp 41 96 8
1565168808712 success 0 511 510
1565168808718 success 1 511 510
1565168808718 success 2 511 510
1565168808721 success 3 511 510
1565168808721 put 38 36 511
1565168808721 rpc 8 8 510 510
1565168808721 tmp 38 36 8
1565168808721 rpc 8 8 510 510
1565168808721 tmp 38 36 8
1565168808721 rpc 8 8 510 510
1565168808721 tmp 38 36 8
1565168808721 rpc 8 8 510 510
1565168808721 tmp 38 36 8
1565168808729 success 0 512 511
1565168808730 success 1 512 511
1565168808730 success 3 512 511
1565168808732 success 2 512 511
1565168808732 put 47 27 512
1565168808732 rpc 8 8 511 511
1565168808732 tmp 47 27 8
1565168808732 rpc 8 8 511 511
1565168808732 tmp 47 27 8
1565168808732 rpc 8 8 511 511
1565168808732 tmp 47 27 8
1565168808733 rpc 8 8 511 511
1565168808733 tmp 47 27 8
1565168808738 success 0 513 512
1565168808745 success 1 513 512
1565168808746 success 2 513 512
1565168808749 success 3 513 512
1565168808749 put 41 96 513
1565168808749 rpc 8 8 512 512
1565168808749 tmp 41 96 8
1565168808749 rpc 8 8 512 512
1565168808749 tmp 41 96 8
1565168808749 rpc 8 8 512 512
1565168808749 tmp 41 96 8
1565168808749 rpc 8 8 512 512
1565168808749 tmp 41 96 8
1565168808750 success 3 514 513
1565168808750 success 1 514 513
1565168808751 success 2 514 513
1565168808759 success 0 514 513
1565168808759 put 47 27 514
1565168808759 rpc 8 8 513 513
1565168808759 tmp 47 27 8
1565168808759 rpc 8 8 513 513
1565168808759 tmp 47 27 8
1565168808759 rpc 8 8 513 513
1565168808759 tmp 47 27 8
1565168808759 rpc 8 8 513 513
1565168808759 tmp 47 27 8
1565168808762 success 0 515 514
1565168808769 success 2 515 514
1565168808773 success 3 515 514
1565168808780 success 1 515 514
1565168808784 put 6 42 515
1565168808784 rpc 8 8 514 514
1565168808784 tmp 6 42 8
1565168808784 rpc 8 8 514 514
1565168808784 tmp 6 42 8
1565168808784 rpc 8 8 514 514
1565168808784 tmp 6 42 8
1565168808784 rpc 8 8 514 514
1565168808784 tmp 6 42 8
1565168808786 success 0 516 515
1565168808787 success 1 516 515
1565168808788 success 3 516 515
1565168808788 success 2 516 515
1565168808788 put 47 27 516
1565168808788 rpc 8 8 515 515
1565168808788 tmp 47 27 8
1565168808788 rpc 8 8 515 515
1565168808788 tmp 47 27 8
1565168808788 rpc 8 8 515 515
1565168808788 tmp 47 27 8
1565168808788 rpc 8 8 515 515
1565168808788 tmp 47 27 8
1565168808812 success 0 517 516
1565168808813 success 2 517 516
1565168808821 success 3 517 516
1565168808826 success 1 517 516
1565168808826 put 41 96 517
1565168808826 rpc 8 8 516 516
1565168808826 tmp 41 96 8
1565168808826 rpc 8 8 516 516
1565168808826 tmp 41 96 8
1565168808826 rpc 8 8 516 516
1565168808826 tmp 41 96 8
1565168808826 rpc 8 8 516 516
1565168808826 tmp 41 96 8
1565168808839 success 0 518 517
1565168808839 success 1 518 517
1565168808841 success 2 518 517
1565168808843 success 3 518 517
1565168808843 put 6 42 518
1565168808843 rpc 8 8 517 517
1565168808843 tmp 6 42 8
1565168808843 rpc 8 8 517 517
1565168808843 tmp 6 42 8
1565168808843 rpc 8 8 517 517
1565168808843 tmp 6 42 8
1565168808843 rpc 8 8 517 517
1565168808843 tmp 6 42 8
1565168808853 success 3 519 518
1565168808854 success 1 519 518
1565168808854 success 2 519 518
1565168808857 success 0 519 518
1565168808865 put 41 96 519
1565168808865 rpc 8 8 518 518
1565168808865 tmp 41 96 8
1565168808865 rpc 8 8 518 518
1565168808865 tmp 41 96 8
1565168808865 rpc 8 8 518 518
1565168808865 tmp 41 96 8
1565168808865 rpc 8 8 518 518
1565168808865 tmp 41 96 8
1565168808875 success 0 520 519
1565168808876 success 2 520 519
1565168808878 success 3 520 519
1565168808881 success 1 520 519
1565168808882 put 13 93 520
1565168808882 rpc 8 8 519 519
1565168808882 tmp 13 93 8
1565168808882 rpc 8 8 519 519
1565168808882 tmp 13 93 8
1565168808882 rpc 8 8 519 519
1565168808882 tmp 13 93 8
1565168808882 rpc 8 8 519 519
1565168808882 tmp 13 93 8
1565168808892 success 0 521 520
1565168808894 success 1 521 520
1565168808895 success 3 521 520
1565168808905 success 2 521 520
1565168808905 put 41 96 521
1565168808905 rpc 8 8 520 520
1565168808905 tmp 41 96 8
1565168808905 rpc 8 8 520 520
1565168808905 tmp 41 96 8
1565168808905 rpc 8 8 520 520
1565168808905 tmp 41 96 8
1565168808905 rpc 8 8 520 520
1565168808905 tmp 41 96 8
1565168808913 success 0 522 521
1565168808913 success 0 522 521
1565168808915 success 1 522 521
1565168808913 success 0 522 521
1565168808915 success 1 522 521
1565168808916 success 2 522 521
1565168808913 success 0 522 521
1565168808915 success 1 522 521
1565168808916 success 2 522 521
1565168808916 success 3 522 521
1565168808917 put 6 42 522
1565168808917 rpc 8 8 521 521
1565168808917 tmp 6 42 8
1565168808917 rpc 8 8 521 521
1565168808917 tmp 6 42 8
1565168808917 rpc 8 8 521 521
1565168808917 tmp 6 42 8
1565168808917 rpc 8 8 521 521
1565168808917 tmp 6 42 8
1565168808931 success 1 523 522
1565168808932 success 2 523 522
1565168808933 success 3 523 522
1565168808934 success 0 523 522
1565168808934 put 13 93 523
1565168808934 rpc 8 8 522 522
1565168808934 tmp 13 93 8
1565168808934 rpc 8 8 522 522
1565168808934 tmp 13 93 8
1565168808934 rpc 8 8 522 522
1565168808934 tmp 13 93 8
1565168808935 rpc 8 8 522 522
1565168808935 tmp 13 93 8
1565168808937 success 0 524 523
1565168808938 success 1 524 523
1565168808940 success 2 524 523
1565168808940 success 3 524 523
1565168808940 put 6 42 524
1565168808940 rpc 8 8 523 523
1565168808940 tmp 6 42 8
1565168808940 rpc 8 8 523 523
1565168808940 tmp 6 42 8
1565168808940 rpc 8 8 523 523
1565168808940 tmp 6 42 8
1565168808940 rpc 8 8 523 523
1565168808940 tmp 6 42 8
1565168808945 success 0 525 524
1565168808946 success 1 525 524
1565168808946 success 3 525 524
1565168808947 success 2 525 524
1565168808947 put 80 21 525
1565168808947 rpc 8 8 524 524
1565168808947 tmp 80 21 8
1565168808947 rpc 8 8 524 524
1565168808947 tmp 80 21 8
1565168808947 rpc 8 8 524 524
1565168808947 tmp 80 21 8
1565168808947 rpc 8 8 524 524
1565168808947 tmp 80 21 8
1565168808966 success 0 526 525
1565168808966 success 1 526 525
1565168808967 success 2 526 525
1565168808967 success 3 526 525
1565168808967 put 6 42 526
1565168808967 rpc 8 8 525 525
1565168808967 tmp 6 42 8
1565168808968 rpc 8 8 525 525
1565168808968 tmp 6 42 8
1565168808968 rpc 8 8 525 525
1565168808968 tmp 6 42 8
1565168808968 rpc 8 8 525 525
1565168808968 tmp 6 42 8
1565168808979 success 0 527 526
1565168808984 success 2 527 526
1565168808986 success 1 527 526
1565168808989 success 3 527 526
1565168808989 put 13 93 527
1565168808989 rpc 8 8 526 526
1565168808989 tmp 13 93 8
1565168808989 rpc 8 8 526 526
1565168808989 tmp 13 93 8
1565168808989 rpc 8 8 526 526
1565168808989 tmp 13 93 8
1565168808989 rpc 8 8 526 526
1565168808989 tmp 13 93 8
1565168808993 success 0 528 527
1565168808993 success 1 528 527
1565168808994 success 3 528 527
1565168808995 success 2 528 527
1565168808995 put 80 21 528
1565168808995 rpc 8 8 527 527
1565168808995 tmp 80 21 8
1565168808995 rpc 8 8 527 527
1565168808995 tmp 80 21 8
1565168808995 rpc 8 8 527 527
1565168808995 tmp 80 21 8
1565168808995 rpc 8 8 527 527
1565168808995 tmp 80 21 8
1565168809001 success 0 529 528
1565168809001 success 1 529 528
1565168809002 success 3 529 528
1565168809003 success 2 529 528
1565168809009 put 13 93 529
1565168809009 rpc 8 8 528 528
1565168809009 tmp 13 93 8
1565168809009 rpc 8 8 528 528
1565168809009 tmp 13 93 8
1565168809009 rpc 8 8 528 528
1565168809009 tmp 13 93 8
1565168809009 rpc 8 8 528 528
1565168809009 tmp 13 93 8
1565168809018 success 0 530 529
1565168809018 success 1 530 529
1565168809019 success 3 530 529
1565168809019 success 2 530 529
1565168809019 put 70 38 530
1565168809019 rpc 8 8 529 529
1565168809019 tmp 70 38 8
1565168809020 rpc 8 8 529 529
1565168809020 tmp 70 38 8
1565168809020 rpc 8 8 529 529
1565168809020 tmp 70 38 8
1565168809020 rpc 8 8 529 529
1565168809020 tmp 70 38 8
1565168809024 success 0 531 530
1565168809024 success 1 531 530
1565168809025 success 3 531 530
1565168809026 success 2 531 530
1565168809026 put 13 93 531
1565168809026 rpc 8 8 530 530
1565168809026 tmp 13 93 8
1565168809026 rpc 8 8 530 530
1565168809026 tmp 13 93 8
1565168809026 rpc 8 8 530 530
1565168809026 tmp 13 93 8
1565168809026 rpc 8 8 530 530
1565168809026 tmp 13 93 8
1565168809042 success 0 532 531
1565168809045 success 1 532 531
1565168809050 success 2 532 531
1565168809052 success 3 532 531
1565168809052 put 80 21 532
1565168809052 rpc 8 8 531 531
1565168809052 tmp 80 21 8
1565168809053 rpc 8 8 531 531
1565168809053 tmp 80 21 8
1565168809053 rpc 8 8 531 531
1565168809053 tmp 80 21 8
1565168809053 rpc 8 8 531 531
1565168809053 tmp 80 21 8
1565168809058 success 0 533 532
1565168809058 success 3 533 532
1565168809059 success 2 533 532
1565168809059 success 1 533 532
1565168809059 put 70 38 533
1565168809059 rpc 8 8 532 532
1565168809059 tmp 70 38 8
1565168809059 rpc 8 8 532 532
1565168809059 tmp 70 38 8
1565168809059 rpc 8 8 532 532
1565168809059 tmp 70 38 8
1565168809059 rpc 8 8 532 532
1565168809059 tmp 70 38 8
1565168809065 success 3 534 533
1565168809066 success 1 534 533
1565168809067 success 0 534 533
1565168809068 success 2 534 533
1565168809068 put 80 21 534
1565168809068 rpc 8 8 533 533
1565168809068 tmp 80 21 8
1565168809068 rpc 8 8 533 533
1565168809068 tmp 80 21 8
1565168809068 rpc 8 8 533 533
1565168809068 tmp 80 21 8
1565168809068 rpc 8 8 533 533
1565168809068 tmp 80 21 8
1565168809081 success 0 535 534
1565168809082 success 1 535 534
1565168809085 success 2 535 534
1565168809087 success 3 535 534
1565168809087 put 11 93 535
1565168809087 rpc 8 8 534 534
1565168809087 tmp 11 93 8
1565168809087 rpc 8 8 534 534
1565168809087 tmp 11 93 8
1565168809087 rpc 8 8 534 534
1565168809087 tmp 11 93 8
1565168809087 rpc 8 8 534 534
1565168809087 tmp 11 93 8
1565168809089 success 0 536 535
1565168809091 success 1 536 535
1565168809092 success 3 536 535
1565168809097 success 2 536 535
1565168809110 put 80 21 536
1565168809110 rpc 8 8 535 535
1565168809110 tmp 80 21 8
1565168809110 rpc 8 8 535 535
1565168809110 tmp 80 21 8
1565168809110 rpc 8 8 535 535
1565168809110 tmp 80 21 8
1565168809110 rpc 8 8 535 535
1565168809110 tmp 80 21 8
1565168809115 success 0 537 536
1565168809115 success 1 537 536
1565168809116 success 2 537 536
1565168809117 success 3 537 536
1565168809117 put 70 38 537
1565168809117 rpc 8 8 536 536
1565168809117 tmp 70 38 8
1565168809117 rpc 8 8 536 536
1565168809117 tmp 70 38 8
1565168809117 rpc 8 8 536 536
1565168809117 tmp 70 38 8
1565168809117 rpc 8 8 536 536
1565168809117 tmp 70 38 8
1565168809125 success 3 538 537
1565168809125 success 1 538 537
1565168809131 success 2 538 537
1565168809133 success 0 538 537
1565168809133 put 11 93 538
1565168809133 rpc 8 8 537 537
1565168809133 tmp 11 93 8
1565168809133 rpc 8 8 537 537
1565168809133 tmp 11 93 8
1565168809133 rpc 8 8 537 537
1565168809133 tmp 11 93 8
1565168809133 rpc 8 8 537 537
1565168809133 tmp 11 93 8
1565168809139 success 3 539 538
1565168809140 success 1 539 538
1565168809140 success 2 539 538
1565168809141 success 0 539 538
1565168809141 put 70 38 539
1565168809141 rpc 8 8 538 538
1565168809141 tmp 70 38 8
1565168809141 rpc 8 8 538 538
1565168809141 tmp 70 38 8
1565168809141 rpc 8 8 538 538
1565168809141 tmp 70 38 8
1565168809141 rpc 8 8 538 538
1565168809141 tmp 70 38 8
1565168809154 success 0 540 539
1565168809155 success 1 540 539
1565168809157 success 3 540 539
1565168809164 success 2 540 539
1565168809165 put 66 46 540
1565168809165 rpc 8 8 539 539
1565168809165 tmp 66 46 8
1565168809167 rpc 8 8 539 539
1565168809167 tmp 66 46 8
1565168809167 rpc 8 8 539 539
1565168809167 tmp 66 46 8
1565168809167 rpc 8 8 539 539
1565168809167 tmp 66 46 8
1565168809188 success 0 541 540
1565168809189 success 1 541 540
1565168809190 success 2 541 540
1565168809190 success 3 541 540
1565168809190 put 70 38 541
1565168809190 rpc 8 8 540 540
1565168809190 tmp 70 38 8
1565168809191 rpc 8 8 540 540
1565168809191 tmp 70 38 8
1565168809191 rpc 8 8 540 540
1565168809191 tmp 70 38 8
1565168809191 rpc 8 8 540 540
1565168809191 tmp 70 38 8
1565168809201 success 0 542 541
1565168809201 success 2 542 541
1565168809202 success 1 542 541
1565168809202 success 3 542 541
1565168809205 put 11 93 542
1565168809205 rpc 8 8 541 541
1565168809205 tmp 11 93 8
1565168809205 rpc 8 8 541 541
1565168809205 tmp 11 93 8
1565168809205 rpc 8 8 541 541
1565168809205 tmp 11 93 8
1565168809205 rpc 8 8 541 541
1565168809205 tmp 11 93 8
1565168809215 success 0 543 542
1565168809216 success 1 543 542
1565168809217 success 2 543 542
1565168809217 success 3 543 542
1565168809217 put 66 46 543
1565168809217 rpc 8 8 542 542
1565168809217 tmp 66 46 8
1565168809218 rpc 8 8 542 542
1565168809218 tmp 66 46 8
1565168809218 rpc 8 8 542 542
1565168809218 tmp 66 46 8
1565168809218 rpc 8 8 542 542
1565168809218 tmp 66 46 8
1565168809222 success 0 544 543
1565168809223 success 1 544 543
1565168809224 success 3 544 543
1565168809225 success 2 544 543
1565168809225 put 11 93 544
1565168809225 rpc 8 8 543 543
1565168809225 tmp 11 93 8
1565168809225 rpc 8 8 543 543
1565168809225 tmp 11 93 8
1565168809225 rpc 8 8 543 543
1565168809225 tmp 11 93 8
1565168809225 rpc 8 8 543 543
1565168809225 tmp 11 93 8
1565168809237 success 0 545 544
1565168809239 success 1 545 544
1565168809241 success 2 545 544
1565168809251 success 3 545 544
1565168809251 put 57 13 545
1565168809251 rpc 8 8 544 544
1565168809251 tmp 57 13 8
1565168809252 rpc 8 8 544 544
1565168809252 tmp 57 13 8
1565168809252 rpc 8 8 544 544
1565168809252 tmp 57 13 8
1565168809252 rpc 8 8 544 544
1565168809252 tmp 57 13 8
1565168809255 success 0 546 545
1565168809256 success 2 546 545
1565168809257 success 3 546 545
1565168809266 success 1 546 545
1565168809266 put 11 93 546
1565168809266 rpc 8 8 545 545
1565168809266 tmp 11 93 8
1565168809266 rpc 8 8 545 545
1565168809266 tmp 11 93 8
1565168809266 rpc 8 8 545 545
1565168809266 tmp 11 93 8
1565168809266 rpc 8 8 545 545
1565168809266 tmp 11 93 8
1565168809269 success 0 547 546
1565168809270 success 1 547 546
1565168809270 success 3 547 546
1565168809272 success 2 547 546
1565168809272 put 66 46 547
1565168809272 rpc 8 8 546 546
1565168809272 tmp 66 46 8
1565168809272 rpc 8 8 546 546
1565168809272 tmp 66 46 8
1565168809272 rpc 8 8 546 546
1565168809272 tmp 66 46 8
1565168809272 rpc 8 8 546 546
1565168809272 tmp 66 46 8
1565168809294 success 0 548 547
1565168809295 success 1 548 547
1565168809297 success 3 548 547
1565168809298 success 2 548 547
1565168809298 put 57 13 548
1565168809298 rpc 8 8 547 547
1565168809298 tmp 57 13 8
1565168809298 rpc 8 8 547 547
1565168809298 tmp 57 13 8
1565168809298 rpc 8 8 547 547
1565168809298 tmp 57 13 8
1565168809298 rpc 8 8 547 547
1565168809298 tmp 57 13 8
1565168809301 success 0 549 548
1565168809307 success 2 549 548
1565168809307 success 3 549 548
1565168809309 success 1 549 548
1565168809309 put 66 46 549
1565168809309 rpc 8 8 548 548
1565168809309 tmp 66 46 8
1565168809309 rpc 8 8 548 548
1565168809309 tmp 66 46 8
1565168809309 rpc 8 8 548 548
1565168809309 tmp 66 46 8
1565168809309 rpc 8 8 548 548
1565168809309 tmp 66 46 8
1565168809320 success 0 550 549
1565168809321 success 2 550 549
1565168809322 success 3 550 549
1565168809322 success 1 550 549
1565168809322 put 68 70 550
1565168809322 rpc 8 8 549 549
1565168809322 tmp 68 70 8
1565168809322 rpc 8 8 549 549
1565168809322 tmp 68 70 8
1565168809322 rpc 8 8 549 549
1565168809322 tmp 68 70 8
1565168809322 rpc 8 8 549 549
1565168809322 tmp 68 70 8
1565168809332 success 0 551 550
1565168809333 success 1 551 550
1565168809334 success 3 551 550
1565168809336 success 2 551 550
1565168809339 put 66 46 551
1565168809339 rpc 8 8 550 550
1565168809339 tmp 66 46 8
1565168809339 rpc 8 8 550 550
1565168809339 tmp 66 46 8
1565168809339 rpc 8 8 550 550
1565168809339 tmp 66 46 8
1565168809339 rpc 8 8 550 550
1565168809339 tmp 66 46 8
1565168809352 success 3 552 551
1565168809353 success 0 552 551
1565168809353 success 2 552 551
1565168809354 success 1 552 551
1565168809354 put 57 13 552
1565168809354 rpc 8 8 551 551
1565168809354 tmp 57 13 8
1565168809354 rpc 8 8 551 551
1565168809354 tmp 57 13 8
1565168809354 rpc 8 8 551 551
1565168809354 tmp 57 13 8
1565168809354 rpc 8 8 551 551
1565168809354 tmp 57 13 8
1565168809365 success 0 553 552
1565168809365 success 1 553 552
1565168809370 success 2 553 552
1565168809371 success 3 553 552
1565168809371 put 68 70 553
1565168809371 rpc 8 8 552 552
1565168809371 tmp 68 70 8
1565168809371 rpc 8 8 552 552
1565168809371 tmp 68 70 8
1565168809371 rpc 8 8 552 552
1565168809371 tmp 68 70 8
1565168809371 rpc 8 8 552 552
1565168809371 tmp 68 70 8
1565168809389 success 3 554 553
1565168809390 success 0 554 553
1565168809392 success 1 554 553
1565168809392 success 2 554 553
1565168809392 put 57 13 554
1565168809392 rpc 8 8 553 553
1565168809392 tmp 57 13 8
1565168809392 rpc 8 8 553 553
1565168809392 tmp 57 13 8
1565168809392 rpc 8 8 553 553
1565168809392 tmp 57 13 8
1565168809392 rpc 8 8 553 553
1565168809392 tmp 57 13 8
1565168809421 success 3 555 554
1565168809421 success 1 555 554
1565168809422 success 2 555 554
1565168809424 success 0 555 554
1565168809424 put 6 23 555
1565168809424 rpc 8 8 554 554
1565168809424 tmp 6 23 8
1565168809426 rpc 8 8 554 554
1565168809426 tmp 6 23 8
1565168809426 rpc 8 8 554 554
1565168809426 tmp 6 23 8
1565168809426 rpc 8 8 554 554
1565168809426 tmp 6 23 8
1565168809432 success 0 556 555
1565168809432 success 1 556 555
1565168809433 success 3 556 555
1565168809433 success 2 556 555
1565168809433 put 57 13 556
1565168809433 rpc 8 8 555 555
1565168809433 tmp 57 13 8
1565168809433 rpc 8 8 555 555
1565168809433 tmp 57 13 8
1565168809433 rpc 8 8 555 555
1565168809433 tmp 57 13 8
1565168809433 rpc 8 8 555 555
1565168809433 tmp 57 13 8
1565168809434 success 0 557 556
1565168809435 success 1 557 556
1565168809435 success 3 557 556
1565168809442 success 2 557 556
1565168809442 put 68 70 557
1565168809442 rpc 8 8 556 556
1565168809442 tmp 68 70 8
1565168809442 rpc 8 8 556 556
1565168809442 tmp 68 70 8
1565168809442 rpc 8 8 556 556
1565168809442 tmp 68 70 8
1565168809442 rpc 8 8 556 556
1565168809442 tmp 68 70 8
1565168809467 success 0 558 557
1565168809468 success 2 558 557
1565168809468 success 1 558 557
1565168809469 success 3 558 557
1565168809469 put 6 23 558
1565168809469 rpc 8 8 557 557
1565168809469 tmp 6 23 8
1565168809469 rpc 8 8 557 557
1565168809469 tmp 6 23 8
1565168809469 rpc 8 8 557 557
1565168809469 tmp 6 23 8
1565168809469 rpc 8 8 557 557
1565168809469 tmp 6 23 8
1565168809480 success 3 559 558
1565168809484 success 1 559 558
1565168809484 success 2 559 558
1565168809484 success 2 559 558
1565168809485 success 0 559 558
1565168809489 put 68 70 559
1565168809489 rpc 8 8 558 558
1565168809489 tmp 68 70 8
1565168809489 rpc 8 8 558 558
1565168809489 tmp 68 70 8
1565168809489 rpc 8 8 558 558
1565168809489 tmp 68 70 8
1565168809489 rpc 8 8 558 558
1565168809489 tmp 68 70 8
1565168809494 success 0 560 559
1565168809497 success 2 560 559
1565168809500 success 3 560 559
1565168809508 success 1 560 559
1565168809508 put 39 6 560
1565168809508 rpc 8 8 559 559
1565168809508 tmp 39 6 8
1565168809508 rpc 8 8 559 559
1565168809508 tmp 39 6 8
1565168809508 rpc 8 8 559 559
1565168809508 tmp 39 6 8
1565168809508 rpc 8 8 559 559
1565168809508 tmp 39 6 8
1565168809515 success 0 561 560
1565168809516 success 1 561 560
1565168809517 success 2 561 560
1565168809517 success 3 561 560
1565168809521 put 68 70 561
1565168809521 rpc 8 8 560 560
1565168809521 tmp 68 70 8
1565168809521 rpc 8 8 560 560
1565168809521 tmp 68 70 8
1565168809521 rpc 8 8 560 560
1565168809521 tmp 68 70 8
1565168809521 rpc 8 8 560 560
1565168809521 tmp 68 70 8
1565168809522 success 0 562 561
1565168809523 success 1 562 561
1565168809530 success 3 562 561
1565168809530 success 2 562 561
1565168809530 put 6 23 562
1565168809530 rpc 8 8 561 561
1565168809530 tmp 6 23 8
1565168809530 rpc 8 8 561 561
1565168809530 tmp 6 23 8
1565168809530 rpc 8 8 561 561
1565168809530 tmp 6 23 8
1565168809530 rpc 8 8 561 561
1565168809530 tmp 6 23 8
1565168809544 success 3 563 562
1565168809545 success 2 563 562
1565168809546 success 1 563 562
1565168809553 success 0 563 562
1565168809557 put 39 6 563
1565168809557 rpc 8 8 562 562
1565168809557 tmp 39 6 8
1565168809557 rpc 8 8 562 562
1565168809557 tmp 39 6 8
1565168809557 rpc 8 8 562 562
1565168809557 tmp 39 6 8
1565168809557 rpc 8 8 562 562
1565168809557 tmp 39 6 8
1565168809564 success 0 564 563
1565168809565 success 1 564 563
1565168809565 success 3 564 563
1565168809566 success 2 564 563
1565168809566 put 6 23 564
1565168809566 rpc 8 8 563 563
1565168809566 tmp 6 23 8
1565168809566 rpc 8 8 563 563
1565168809566 tmp 6 23 8
1565168809566 rpc 8 8 563 563
1565168809566 tmp 6 23 8
1565168809566 rpc 8 8 563 563
1565168809566 tmp 6 23 8
1565168809567 success 0 565 564
1565168809568 success 1 565 564
1565168809568 success 3 565 564
1565168809569 success 2 565 564
1565168809569 put 11 64 565
1565168809569 rpc 8 8 564 564
1565168809569 tmp 11 64 8
1565168809569 rpc 8 8 564 564
1565168809569 tmp 11 64 8
1565168809569 rpc 8 8 564 564
1565168809569 tmp 11 64 8
1565168809569 rpc 8 8 564 564
1565168809569 tmp 11 64 8
1565168809582 success 0 566 565
1565168809582 success 1 566 565
1565168809585 success 2 566 565
1565168809585 success 3 566 565
1565168809585 put 6 23 566
1565168809585 rpc 8 8 565 565
1565168809585 tmp 6 23 8
1565168809585 rpc 8 8 565 565
1565168809585 tmp 6 23 8
1565168809585 rpc 8 8 565 565
1565168809585 tmp 6 23 8
1565168809585 rpc 8 8 565 565
1565168809585 tmp 6 23 8
1565168809594 success 0 567 566
1565168809597 success 1 567 566
1565168809597 success 2 567 566
1565168809598 success 3 567 566
1565168809598 put 39 6 567
1565168809598 rpc 8 8 566 566
1565168809598 tmp 39 6 8
1565168809598 rpc 8 8 566 566
1565168809598 tmp 39 6 8
1565168809598 rpc 8 8 566 566
1565168809598 tmp 39 6 8
1565168809598 rpc 8 8 566 566
1565168809598 tmp 39 6 8
1565168809614 success 3 568 567
1565168809621 success 1 568 567
1565168809622 success 2 568 567
1565168809622 success 0 568 567
1565168809622 put 11 64 568
1565168809622 rpc 8 8 567 567
1565168809622 tmp 11 64 8
1565168809628 rpc 8 8 567 567
1565168809628 tmp 11 64 8
1565168809628 rpc 8 8 567 567
1565168809628 tmp 11 64 8
1565168809628 rpc 8 8 567 567
1565168809628 tmp 11 64 8
1565168809629 success 2 569 568
1565168809631 success 0 569 568
1565168809632 success 1 569 568
1565168809633 success 3 569 568
1565168809634 put 39 6 569
1565168809634 rpc 8 8 568 568
1565168809634 tmp 39 6 8
1565168809634 rpc 8 8 568 568
1565168809634 tmp 39 6 8
1565168809634 rpc 8 8 568 568
1565168809634 tmp 39 6 8
1565168809634 rpc 8 8 568 568
1565168809634 tmp 39 6 8
1565168809645 success 0 570 569
1565168809646 success 1 570 569
1565168809647 success 3 570 569
1565168809649 success 2 570 569
1565168809649 put 73 80 570
1565168809649 rpc 8 8 569 569
1565168809649 tmp 73 80 8
1565168809649 rpc 8 8 569 569
1565168809649 tmp 73 80 8
1565168809649 rpc 8 8 569 569
1565168809649 tmp 73 80 8
1565168809649 rpc 8 8 569 569
1565168809649 tmp 73 80 8
1565168809655 success 0 571 570
1565168809657 success 1 571 570
1565168809687 success 2 571 570
1565168809688 success 3 571 570
1565168809688 put 39 6 571
1565168809688 rpc 8 8 570 570
1565168809688 tmp 39 6 8
1565168809688 rpc 8 8 570 570
1565168809688 tmp 39 6 8
1565168809688 rpc 8 8 570 570
1565168809688 tmp 39 6 8
1565168809688 rpc 8 8 570 570
1565168809688 tmp 39 6 8
1565168809698 success 3 572 571
1565168809700 success 0 572 571
1565168809701 success 2 572 571
1565168809701 success 1 572 571
1565168809701 put 11 64 572
1565168809701 rpc 8 8 571 571
1565168809701 tmp 11 64 8
1565168809701 rpc 8 8 571 571
1565168809701 tmp 11 64 8
1565168809701 rpc 8 8 571 571
1565168809701 tmp 11 64 8
1565168809701 rpc 8 8 571 571
1565168809701 tmp 11 64 8
1565168809703 success 0 573 572
1565168809707 success 1 573 572
1565168809708 success 3 573 572
1565168809708 success 2 573 572
1565168809709 put 73 80 573
1565168809709 rpc 8 8 572 572
1565168809709 tmp 73 80 8
1565168809709 rpc 8 8 572 572
1565168809709 tmp 73 80 8
1565168809709 rpc 8 8 572 572
1565168809709 tmp 73 80 8
1565168809709 rpc 8 8 572 572
1565168809709 tmp 73 80 8
1565168809730 success 0 574 573
1565168809731 success 1 574 573
1565168809732 success 3 574 573
1565168809736 success 2 574 573
1565168809737 put 11 64 574
1565168809737 rpc 8 8 573 573
1565168809737 tmp 11 64 8
1565168809737 rpc 8 8 573 573
1565168809737 tmp 11 64 8
1565168809737 rpc 8 8 573 573
1565168809737 tmp 11 64 8
1565168809737 rpc 8 8 573 573
1565168809737 tmp 11 64 8
1565168809738 success 0 575 574
1565168809738 success 1 575 574
1565168809739 success 2 575 574
1565168809740 success 3 575 574
1565168809743 put 39 16 575
1565168809743 rpc 8 8 574 574
1565168809743 tmp 39 16 8
1565168809743 rpc 8 8 574 574
1565168809743 tmp 39 16 8
1565168809743 rpc 8 8 574 574
1565168809743 tmp 39 16 8
1565168809743 rpc 8 8 574 574
1565168809743 tmp 39 16 8
1565168809747 success 0 576 575
1565168809747 success 1 576 575
1565168809756 success 2 576 575
1565168809768 success 3 576 575
1565168809768 put 11 64 576
1565168809768 rpc 8 8 575 575
1565168809768 tmp 11 64 8
1565168809768 rpc 8 8 575 575
1565168809768 tmp 11 64 8
1565168809768 rpc 8 8 575 575
1565168809768 tmp 11 64 8
1565168809768 rpc 8 8 575 575
1565168809768 tmp 11 64 8
1565168809774 success 0 577 576
1565168809780 success 1 577 576
1565168809781 success 3 577 576
1565168809791 success 2 577 576
1565168809791 put 73 80 577
1565168809791 rpc 8 8 576 576
1565168809791 tmp 73 80 8
1565168809791 rpc 8 8 576 576
1565168809791 tmp 73 80 8
1565168809791 rpc 8 8 576 576
1565168809791 tmp 73 80 8
1565168809791 rpc 8 8 576 576
1565168809791 tmp 73 80 8
1565168809797 success 0 578 577
1565168809800 success 1 578 577
1565168809801 success 2 578 577
1565168809801 success 3 578 577
1565168809801 put 39 16 578
1565168809801 rpc 8 8 577 577
1565168809801 tmp 39 16 8
1565168809801 rpc 8 8 577 577
1565168809801 tmp 39 16 8
1565168809801 rpc 8 8 577 577
1565168809802 tmp 39 16 8
1565168809802 rpc 8 8 577 577
1565168809802 tmp 39 16 8
1565168809826 success 0 579 578
1565168809828 success 1 579 578
1565168809828 success 2 579 578
1565168809829 success 3 579 578
1565168809829 put 73 80 579
1565168809829 rpc 8 8 578 578
1565168809829 tmp 73 80 8
1565168809829 rpc 8 8 578 578
1565168809829 tmp 73 80 8
1565168809829 rpc 8 8 578 578
1565168809829 tmp 73 80 8
1565168809829 rpc 8 8 578 578
1565168809829 tmp 73 80 8
1565168809846 success 0 580 579
1565168809846 success 1 580 579
1565168809847 success 2 580 579
1565168809847 success 3 580 579
1565168809855 put 40 56 580
1565168809855 rpc 8 8 579 579
1565168809855 tmp 40 56 8
1565168809855 rpc 8 8 579 579
1565168809855 tmp 40 56 8
1565168809855 rpc 8 8 579 579
1565168809855 tmp 40 56 8
1565168809855 rpc 8 8 579 579
1565168809855 tmp 40 56 8
1565168809857 success 0 581 580
1565168809861 success 1 581 580
1565168809865 success 3 581 580
1565168809865 success 2 581 580
1565168809865 put 73 80 581
1565168809865 rpc 8 8 580 580
1565168809865 tmp 73 80 8
1565168809865 rpc 8 8 580 580
1565168809865 tmp 73 80 8
1565168809865 rpc 8 8 580 580
1565168809865 tmp 73 80 8
1565168809865 rpc 8 8 580 580
1565168809865 tmp 73 80 8
1565168809874 success 0 582 581
1565168809875 success 1 582 581
1565168809876 success 3 582 581
1565168809878 success 2 582 581
1565168809878 put 39 16 582
1565168809878 rpc 8 8 581 581
1565168809878 tmp 39 16 8
1565168809878 rpc 8 8 581 581
1565168809878 tmp 39 16 8
1565168809878 rpc 8 8 581 581
1565168809878 tmp 39 16 8
1565168809878 rpc 8 8 581 581
1565168809878 tmp 39 16 8
1565168809886 success 3 583 582
1565168809886 success 1 583 582
1565168809887 success 2 583 582
1565168809887 success 0 583 582
1565168809889 put 40 56 583
1565168809889 rpc 8 8 582 582
1565168809889 tmp 40 56 8
1565168809889 rpc 8 8 582 582
1565168809889 tmp 40 56 8
1565168809889 rpc 8 8 582 582
1565168809889 tmp 40 56 8
1565168809889 rpc 8 8 582 582
1565168809889 tmp 40 56 8
1565168809897 success 0 584 583
1565168809898 success 1 584 583
1565168809900 success 2 584 583
1565168809902 success 3 584 583
1565168809902 put 39 16 584
1565168809902 rpc 8 8 583 583
1565168809902 tmp 39 16 8
1565168809902 rpc 8 8 583 583
1565168809902 tmp 39 16 8
1565168809902 rpc 8 8 583 583
1565168809902 tmp 39 16 8
1565168809908 rpc 8 8 583 583
1565168809908 tmp 39 16 8
1565168809914 success 0 585 584
1565168809914 success 1 585 584
1565168809927 success 3 585 584
1565168809937 success 2 585 584
1565168809937 put 79 86 585
1565168809937 rpc 8 8 584 584
1565168809937 tmp 79 86 8
1565168809937 rpc 8 8 584 584
1565168809937 tmp 79 86 8
1565168809937 rpc 8 8 584 584
1565168809937 tmp 79 86 8
1565168809937 rpc 8 8 584 584
1565168809937 tmp 79 86 8
1565168809946 success 0 586 585
1565168809946 success 1 586 585
1565168809947 success 2 586 585
1565168809949 success 3 586 585
1565168809949 put 39 16 586
1565168809949 rpc 8 8 585 585
1565168809949 tmp 39 16 8
1565168809949 rpc 8 8 585 585
1565168809950 tmp 39 16 8
1565168809950 rpc 8 8 585 585
1565168809950 tmp 39 16 8
1565168809950 rpc 8 8 585 585
1565168809950 tmp 39 16 8
1565168809954 success 1 587 586
1565168809958 success 2 587 586
1565168809958 success 3 587 586
1565168809958 success 0 587 586
1565168809963 put 40 56 587
1565168809963 rpc 8 8 586 586
1565168809963 tmp 40 56 8
1565168809963 rpc 8 8 586 586
1565168809963 tmp 40 56 8
1565168809963 rpc 8 8 586 586
1565168809963 tmp 40 56 8
1565168809963 rpc 8 8 586 586
1565168809963 tmp 40 56 8
1565168809975 success 0 588 587
1565168809982 success 3 588 587
1565168809982 success 2 588 587
1565168809984 success 1 588 587
1565168809984 put 79 86 588
1565168809984 rpc 8 8 587 587
1565168809984 tmp 79 86 8
1565168809984 rpc 8 8 587 587
1565168809984 tmp 79 86 8
1565168809984 rpc 8 8 587 587
1565168809984 tmp 79 86 8
1565168809984 rpc 8 8 587 587
1565168809984 tmp 79 86 8
1565168809995 success 0 589 588
1565168809995 success 1 589 588
1565168809996 success 2 589 588
1565168810006 success 3 589 588
1565168810019 put 40 56 589
1565168810019 rpc 8 8 588 588
1565168810019 tmp 40 56 8
1565168810019 rpc 8 8 588 588
1565168810019 tmp 40 56 8
1565168810019 rpc 8 8 588 588
1565168810019 tmp 40 56 8
1565168810019 rpc 8 8 588 588
1565168810019 tmp 40 56 8
1565168810024 success 0 590 589
1565168810026 success 1 590 589
1565168810026 success 3 590 589
1565168810027 success 2 590 589
1565168810027 put 68 76 590
1565168810027 rpc 8 8 589 589
1565168810027 tmp 68 76 8
1565168810027 rpc 8 8 589 589
1565168810027 tmp 68 76 8
1565168810027 rpc 8 8 589 589
1565168810027 tmp 68 76 8
1565168810027 rpc 8 8 589 589
1565168810027 tmp 68 76 8
1565168810041 success 0 591 590
1565168810041 success 1 591 590
1565168810042 success 2 591 590
1565168810042 success 3 591 590
1565168810042 put 40 56 591
1565168810042 rpc 8 8 590 590
1565168810042 tmp 40 56 8
1565168810042 rpc 8 8 590 590
1565168810042 tmp 40 56 8
1565168810042 rpc 8 8 590 590
1565168810042 tmp 40 56 8
1565168810043 rpc 8 8 590 590
1565168810043 tmp 40 56 8
1565168810062 success 0 592 591
1565168810062 success 1 592 591
1565168810063 success 2 592 591
1565168810063 success 3 592 591
1565168810063 put 79 86 592
1565168810063 rpc 8 8 591 591
1565168810063 tmp 79 86 8
1565168810063 rpc 8 8 591 591
1565168810063 tmp 79 86 8
1565168810063 rpc 8 8 591 591
1565168810063 tmp 79 86 8
1565168810064 rpc 8 8 591 591
1565168810064 tmp 79 86 8
1565168810065 success 0 593 592
1565168810065 success 1 593 592
1565168810065 success 2 593 592
1565168810066 success 3 593 592
1565168810069 put 68 76 593
1565168810069 rpc 8 8 592 592
1565168810069 tmp 68 76 8
1565168810069 rpc 8 8 592 592
1565168810069 tmp 68 76 8
1565168810069 rpc 8 8 592 592
1565168810069 tmp 68 76 8
1565168810070 rpc 8 8 592 592
1565168810070 tmp 68 76 8
1565168810070 success 0 594 593
1565168810071 success 2 594 593
1565168810072 success 3 594 593
1565168810080 success 1 594 593
1565168810080 put 79 86 594
1565168810080 rpc 8 8 593 593
1565168810080 tmp 79 86 8
1565168810080 rpc 8 8 593 593
1565168810080 tmp 79 86 8
1565168810080 rpc 8 8 593 593
1565168810080 tmp 79 86 8
1565168810080 rpc 8 8 593 593
1565168810080 tmp 79 86 8
1565168810097 success 0 595 594
1565168810097 success 1 595 594
1565168810098 success 3 595 594
1565168810299 put 95 6 595
1565168810299 rpc 8 8 594 594
1565168810299 tmp 95 6 8
1565168810299 rpc 8 8 594 594
1565168810299 tmp 95 6 8
1565168810299 rpc 8 8 593 594
1565168810299 tmp 95 6 8
1565168810299 tmp 79 86 8
1565168810299 rpc 8 8 594 594
1565168810299 tmp 95 6 8
1565168810308 success 1 596 595
1565168810321 success 3 596 595
1565168810321 success 0 596 595
1565168810515 put 79 86 596
1565168810515 rpc 8 8 595 595
1565168810515 tmp 79 86 8
1565168810515 rpc 8 8 595 595
1565168810515 tmp 79 86 8
1565168810515 rpc 8 8 593 595
1565168810515 tmp 79 86 8
1565168810515 tmp 95 6 8
1565168810515 tmp 79 86 8
1565168810515 rpc 8 8 595 595
1565168810515 tmp 79 86 8
1565168810517 success 0 597 596
1565168810524 success 1 597 596
1565168810541 success 3 597 596
1565168810732 put 68 76 597
1565168810732 rpc 8 8 596 596
1565168810732 tmp 68 76 8
1565168810732 rpc 8 8 596 596
1565168810732 tmp 68 76 8
1565168810732 rpc 8 8 593 596
1565168810732 tmp 68 76 8
1565168810732 tmp 79 86 8
1565168810732 tmp 95 6 8
1565168810732 tmp 79 86 8
1565168810732 rpc 8 8 596 596
1565168810732 tmp 68 76 8
1565168810741 success 1 598 597
1565168810744 success 3 598 597
1565168810745 success 0 598 597
1565168810945 put 95 6 598
1565168810945 rpc 8 8 597 597
1565168810945 tmp 95 6 8
1565168810945 rpc 8 8 597 597
1565168810945 tmp 95 6 8
1565168810945 rpc 8 8 593 597
1565168810945 tmp 95 6 8
1565168810945 tmp 68 76 8
1565168810945 tmp 79 86 8
1565168810945 tmp 95 6 8
1565168810945 tmp 79 86 8
1565168810945 rpc 8 8 597 597
1565168810945 tmp 95 6 8
1565168810954 success 0 599 598
1565168810955 success 1 599 598
1565168810957 success 3 599 598
1565168811158 put 68 76 599
1565168811158 rpc 8 8 598 598
1565168811158 tmp 68 76 8
1565168811158 rpc 8 8 598 598
1565168811158 tmp 68 76 8
1565168811158 rpc 8 8 593 598
1565168811158 tmp 68 76 8
1565168811158 tmp 95 6 8
1565168811158 tmp 68 76 8
1565168811158 tmp 79 86 8
1565168811158 tmp 95 6 8
1565168811158 tmp 79 86 8
1565168811158 rpc 8 8 598 598
1565168811158 tmp 68 76 8
1565168811165 success 1 600 599
1565168811166 success 3 600 599
1565168811166 success 0 600 599
1565168811366 put 24 34 600
1565168811366 rpc 8 8 599 599
1565168811366 tmp 24 34 8
1565168811366 rpc 8 8 599 599
1565168811366 tmp 24 34 8
1565168811366 rpc 8 8 593 599
1565168811366 tmp 24 34 8
1565168811366 tmp 68 76 8
1565168811366 tmp 95 6 8
1565168811366 tmp 68 76 8
1565168811366 tmp 79 86 8
1565168811367 tmp 95 6 8
1565168811367 tmp 79 86 8
1565168811367 rpc 8 8 599 599
1565168811367 tmp 24 34 8
1565168811384 success 0 601 600
1565168811385 success 1 601 600
1565168811385 success 3 601 600
1565168811587 put 68 76 601
1565168811587 rpc 8 8 600 600
1565168811587 tmp 68 76 8
1565168811587 rpc 8 8 600 600
1565168811587 tmp 68 76 8
1565168811587 rpc 8 8 593 600
1565168811587 tmp 68 76 8
1565168811587 tmp 24 34 8
1565168811587 tmp 68 76 8
1565168811587 tmp 95 6 8
1565168811587 tmp 68 76 8
1565168811587 tmp 79 86 8
1565168811587 tmp 95 6 8
1565168811587 tmp 79 86 8
1565168811587 rpc 8 8 600 600
1565168811587 tmp 68 76 8
1565168811590 success 1 602 601
1565168811591 success 3 602 601
1565168811592 success 0 602 601
1565168811791 put 95 6 602
1565168811791 rpc 8 8 601 601
1565168811791 tmp 95 6 8
1565168811791 rpc 8 8 601 601
1565168811791 tmp 95 6 8
1565168811791 rpc 8 8 593 601
1565168811791 tmp 95 6 8
1565168811791 tmp 68 76 8
1565168811791 tmp 24 34 8
1565168811791 tmp 68 76 8
1565168811791 tmp 95 6 8
1565168811791 tmp 68 76 8
1565168811791 tmp 79 86 8
1565168811791 tmp 95 6 8
1565168811791 tmp 79 86 8
1565168811791 rpc 8 8 601 601
1565168811791 tmp 95 6 8
1565168811812 success 0 603 602
1565168811814 success 1 603 602
1565168811814 success 3 603 602
1565168812016 put 24 34 603
1565168812016 rpc 8 8 602 602
1565168812016 tmp 24 34 8
1565168812016 rpc 8 8 602 602
1565168812016 tmp 24 34 8
1565168812016 rpc 8 8 593 602
1565168812016 tmp 24 34 8
1565168812016 tmp 95 6 8
1565168812016 tmp 68 76 8
1565168812016 tmp 24 34 8
1565168812016 tmp 68 76 8
1565168812016 tmp 95 6 8
1565168812016 tmp 68 76 8
1565168812016 tmp 79 86 8
1565168812016 tmp 95 6 8
1565168812016 tmp 79 86 8
1565168812017 rpc 8 8 602 602
1565168812017 tmp 24 34 8
1565168812022 success 1 604 603
1565168812022 success 3 604 603
1565168812023 success 0 604 603
1565168818048 put 95 6 604
1565168818048 rpc 8 8 603 603
1565168818048 tmp 95 6 8
1565168818048 rpc 8 8 603 603
1565168818048 tmp 95 6 8
1565168818048 rpc 8 8 593 603
1565168818048 tmp 95 6 8
1565168818048 tmp 24 34 8
1565168818048 tmp 95 6 8
1565168818048 tmp 68 76 8
1565168818048 tmp 24 34 8
1565168818048 tmp 68 76 8
1565168818048 tmp 95 6 8
1565168818048 tmp 68 76 8
1565168818048 tmp 79 86 8
1565168818048 tmp 95 6 8
1565168818048 tmp 79 86 8
1565168818048 rpc 8 8 603 603
1565168818048 tmp 95 6 8
1565168818258 put 87 61 605
1565168818258 rpc 8 8 603 603
1565168818258 tmp 87 61 8
1565168818258 tmp 95 6 8
1565168818258 rpc 8 8 603 603
1565168818258 tmp 87 61 8
1565168818258 tmp 95 6 8
1565168818258 rpc 8 8 593 603
1565168818258 tmp 87 61 8
1565168818258 tmp 95 6 8
1565168818258 tmp 24 34 8
1565168818258 tmp 95 6 8
1565168818258 tmp 68 76 8
1565168818258 tmp 24 34 8
1565168818258 tmp 68 76 8
1565168818258 tmp 95 6 8
1565168818258 tmp 68 76 8
1565168818258 tmp 79 86 8
1565168818258 tmp 95 6 8
1565168818258 tmp 79 86 8
1565168818258 rpc 8 8 603 603
1565168818258 tmp 87 61 8
1565168818258 tmp 95 6 8
1565168818465 put 95 6 606
1565168818465 rpc 8 8 603 603
1565168818465 tmp 95 6 8
1565168818465 tmp 87 61 8
1565168818465 tmp 95 6 8
1565168818465 rpc 8 8 603 603
1565168818465 tmp 95 6 8
1565168818465 tmp 87 61 8
1565168818465 tmp 95 6 8
1565168818465 rpc 8 8 593 603
1565168818465 tmp 95 6 8
1565168818465 tmp 87 61 8
1565168818465 tmp 95 6 8
1565168818465 tmp 24 34 8
1565168818465 tmp 95 6 8
1565168818465 tmp 68 76 8
1565168818465 tmp 24 34 8
1565168818465 tmp 68 76 8
1565168818465 tmp 95 6 8
1565168818465 tmp 68 76 8
1565168818465 tmp 79 86 8
1565168818465 tmp 95 6 8
1565168818465 tmp 79 86 8
1565168818465 rpc 8 8 603 603
1565168818465 tmp 95 6 8
1565168818465 tmp 87 61 8
1565168818465 tmp 95 6 8
1565168818670 put 24 34 607
1565168818670 rpc 8 8 603 603
1565168818670 tmp 24 34 8
1565168818670 tmp 95 6 8
1565168818670 tmp 87 61 8
1565168818670 tmp 95 6 8
1565168818670 rpc 8 8 603 603
1565168818670 tmp 24 34 8
1565168818670 tmp 95 6 8
1565168818670 tmp 87 61 8
1565168818670 tmp 95 6 8
1565168818670 rpc 8 8 593 603
1565168818670 tmp 24 34 8
1565168818670 tmp 95 6 8
1565168818670 tmp 87 61 8
1565168818670 tmp 95 6 8
1565168818670 tmp 24 34 8
1565168818670 tmp 95 6 8
1565168818670 tmp 68 76 8
1565168818670 tmp 24 34 8
1565168818670 tmp 68 76 8
1565168818670 tmp 95 6 8
1565168818670 tmp 68 76 8
1565168818670 tmp 79 86 8
1565168818670 tmp 95 6 8
1565168818670 tmp 79 86 8
1565168818670 rpc 8 8 603 603
1565168818670 tmp 24 34 8
1565168818670 tmp 95 6 8
1565168818670 tmp 87 61 8
1565168818670 tmp 95 6 8
1565168818878 put 87 61 608
1565168818878 rpc 8 8 603 603
1565168818878 tmp 87 61 8
1565168818878 tmp 24 34 8
1565168818878 tmp 95 6 8
1565168818878 tmp 87 61 8
1565168818878 tmp 95 6 8
1565168818878 rpc 8 8 603 603
1565168818878 tmp 87 61 8
1565168818878 tmp 24 34 8
1565168818878 tmp 95 6 8
1565168818878 tmp 87 61 8
1565168818878 tmp 95 6 8
1565168818878 rpc 8 8 593 603
1565168818878 tmp 87 61 8
1565168818878 tmp 24 34 8
1565168818878 tmp 95 6 8
1565168818878 tmp 87 61 8
1565168818878 tmp 95 6 8
1565168818878 tmp 24 34 8
1565168818878 tmp 95 6 8
1565168818878 tmp 68 76 8
1565168818878 tmp 24 34 8
1565168818878 tmp 68 76 8
1565168818878 tmp 95 6 8
1565168818878 tmp 68 76 8
1565168818878 tmp 79 86 8
1565168818878 tmp 95 6 8
1565168818878 tmp 79 86 8
1565168818878 rpc 8 8 603 603
1565168818878 tmp 87 61 8
1565168818878 tmp 24 34 8
1565168818878 tmp 95 6 8
1565168818878 tmp 87 61 8
1565168818878 tmp 95 6 8
1565168830266 127.0.0.1:5004 becomes a leader, currentTerm = 10
1565168882106 put 87 61 609
1565168882106 rpc 10 8 608 603
1565168882106 tmp 87 61 10
1565168882106 rpc 10 8 608 603
1565168882106 tmp 87 61 10
1565168882106 rpc 10 8 608 603
1565168882106 tmp 87 61 10
1565168882106 rpc 10 8 608 603
1565168882106 tmp 87 61 10
1565168882122 put 95 6 610
1565168882122 rpc 10 8 608 603
1565168882122 tmp 95 6 10
1565168882122 tmp 87 61 10
1565168882122 rpc 10 8 608 603
1565168882122 tmp 95 6 10
1565168882122 tmp 87 61 10
1565168882122 rpc 10 8 608 603
1565168882122 tmp 95 6 10
1565168882122 tmp 87 61 10
1565168882122 rpc 10 8 608 603
1565168882122 tmp 95 6 10
1565168882122 tmp 87 61 10
1565168882133 put 87 61 611
1565168882133 rpc 10 8 608 603
1565168882133 tmp 87 61 10
1565168882133 tmp 95 6 10
1565168882133 tmp 87 61 10
1565168882133 rpc 10 8 608 603
1565168882133 tmp 87 61 10
1565168882133 tmp 95 6 10
1565168882133 tmp 87 61 10
1565168882133 rpc 10 8 608 603
1565168882133 tmp 87 61 10
1565168882133 tmp 95 6 10
1565168882133 tmp 87 61 10
1565168882133 rpc 10 8 608 603
1565168882133 tmp 87 61 10
1565168882133 tmp 95 6 10
1565168882133 tmp 87 61 10
