27 3 13
60 87 13
27 3 13
60 87 13
11 52 13
60 87 13
11 52 13
94 83 13
11 52 13
94 83 13
51 97 13
94 83 13
51 97 13
71 37 13
51 97 13
71 37 13
9 98 13
71 37 13
9 98 13
52 16 13
9 98 13
52 16 13
62 68 13
52 16 13
62 68 13
53 20 13
62 68 13
53 20 13
56 4 13
53 20 13
56 4 13
16 62 13
56 4 13
16 62 13
5 48 13
16 62 13
5 48 13
56 97 13
5 48 13
56 97 13
87 9 13
56 97 13
87 9 13
59 16 13
87 9 13
59 16 13
18 98 13
59 16 13
18 98 13
64 63 13
18 98 13
64 63 13
3 21 13
64 63 13
3 21 13
21 62 13
3 21 13
21 62 13
96 94 13
21 62 13
96 94 13
4 89 13
96 94 13
4 89 13
33 83 13
4 89 13
33 83 13
6 1 13
33 83 13
6 1 13
9 76 13
6 1 13
9 76 13
39 11 13
9 76 13
39 11 13
74 98 13
39 11 13
74 98 13
81 40 13
74 98 13
81 40 13
35 44 13
81 40 13
35 44 13
32 32 13
35 44 13
32 32 13
32 66 13
32 32 13
32 66 13
46 41 13
32 66 13
46 41 13
97 18 13
46 41 13
97 18 13
19 27 13
97 18 13
19 27 13
48 16 13
19 27 13
48 16 13
63 96 13
48 16 13
63 96 13
42 37 13
63 96 13
42 37 13
70 56 13
42 37 13
70 56 13
88 37 13
70 56 13
88 37 13
28 36 13
88 37 13
28 36 13
44 64 13
28 36 13
44 64 13
48 32 13
44 64 13
48 32 13
47 3 13
48 32 13
47 3 13
64 62 13
47 3 13
64 62 13
46 72 13
64 62 13
46 72 13
10 3 13
46 72 13
10 3 13
84 90 13
10 3 13
84 90 13
78 39 13
84 90 13
78 39 13
51 97 13
78 39 13
51 97 13
100 70 13
51 97 13
100 70 13
77 91 13
100 70 13
77 91 13
64 9 13
77 91 13
64 9 13
62 26 13
64 9 13
62 26 13
7 51 13
62 26 13
7 51 13
19 40 13
7 51 13
19 40 13
14 5 13
19 40 13
14 5 13
5 53 13
14 5 13
5 53 13
81 31 13
5 53 13
81 31 13
52 62 13
81 31 13
52 62 13
17 21 13
52 62 13
17 21 13
46 27 13
17 21 13
46 27 13
56 44 13
46 27 13
56 44 13
22 26 13
56 44 13
22 26 13
12 46 13
22 26 13
12 46 13
45 49 13
12 46 13
45 49 13
10 35 13
45 49 13
10 35 13
72 45 13
10 35 13
72 45 13
41 39 13
72 45 13
41 39 13
49 14 13
41 39 13
49 14 13
35 84 13
49 14 13
35 84 13
52 6 13
35 84 13
52 6 15
13 49 15
52 6 15
13 49 15
16 43 15
52 6 15
16 43 15
13 49 15
16 43 15
29 64 15
13 49 15
29 64 15
16 43 15
29 64 15
49 76 15
16 43 15
49 76 15
29 64 15
49 76 15
99 41 15
29 64 15
99 41 15
49 76 15
99 41 15
37 69 15
49 76 15
37 69 15
99 41 15
37 69 15
39 24 15
99 41 15
39 24 15
37 69 15
39 24 15
87 24 15
37 69 15
87 24 15
39 24 15
87 24 15
78 100 15
39 24 15
78 100 15
87 24 15
78 100 15
68 43 15
87 24 15
68 43 15
78 100 15
68 43 15
8 6 15
78 100 15
8 6 15
68 43 15
8 6 15
63 3 15
68 43 15
63 3 15
8 6 15
63 3 15
80 94 15
8 6 15
80 94 15
63 3 15
80 94 15
89 74 15
63 3 15
89 74 15
80 94 15
89 74 15
15 88 15
80 94 15
15 88 15
89 74 15
15 88 15
41 68 15
89 74 15
41 68 15
15 88 15
41 68 15
99 83 15
15 88 15
99 83 15
41 68 15
99 83 15
48 92 15
41 68 15
48 92 15
99 83 15
48 92 15
40 29 15
99 83 15
40 29 15
48 92 15
40 29 15
21 86 15
48 92 15
21 86 15
40 29 15
21 86 15
61 73 15
40 29 15
61 73 15
21 86 15
61 73 15
59 77 15
21 86 15
59 77 15
61 73 15
59 77 15
25 63 15
61 73 15
25 63 15
59 77 15
25 63 15
8 28 15
59 77 15
8 28 15
25 63 15
8 28 15
21 93 15
25 63 15
21 93 15
8 28 15
21 93 15
10 19 15
8 28 15
10 19 15
21 93 15
10 19 15
31 38 15
21 93 15
31 38 15
10 19 15
31 38 15
76 92 15
10 19 15
76 92 15
31 38 15
76 92 15
92 23 15
31 38 15
92 23 15
76 92 15
92 23 15
48 70 15
76 92 15
48 70 15
92 23 15
48 70 15
92 33 15
92 23 15
92 33 15
48 70 15
92 33 15
38 58 15
48 70 15
38 58 15
92 33 15
38 58 15
88 77 15
92 33 15
88 77 15
38 58 15
88 77 15
69 87 15
38 58 15
69 87 15
88 77 15
69 87 15
33 7 15
88 77 15
33 7 15
69 87 15
33 7 15
34 44 15
69 87 15
34 44 15
33 7 15
34 44 15
21 38 15
33 7 15
21 38 15
34 44 15
21 38 15
90 48 15
34 44 15
90 48 15
21 38 15
90 48 15
89 30 15
21 38 15
89 30 15
90 48 15
89 30 15
68 58 15
90 48 15
68 58 15
89 30 15
68 58 15
23 23 15
89 30 15
23 23 15
68 58 15
23 23 15
64 98 15
68 58 15
64 98 15
23 23 15
64 98 15
46 84 15
23 23 15
46 84 15
64 98 15
46 84 15
88 60 15
64 98 15
88 60 15
46 84 15
88 60 15
17 60 15
46 84 15
17 60 15
88 60 15
17 60 15
30 14 15
88 60 15
30 14 15
17 60 15
30 14 15
16 7 15
17 60 15
16 7 15
30 14 15
16 7 15
6 4 15
30 14 15
6 4 15
16 7 15
6 4 15
42 89 15
16 7 15
42 89 15
6 4 15
42 89 15
23 34 15
6 4 15
23 34 15
42 89 15
23 34 15
94 56 15
42 89 15
94 56 15
23 34 15
94 56 15
88 72 15
23 34 15
88 72 15
94 56 15
88 72 15
1 73 15
94 56 15
1 73 15
88 72 15
1 73 15
80 40 15
88 72 15
80 40 15
1 73 15
80 40 15
22 95 15
1 73 15
22 95 15
80 40 15
22 95 15
28 57 15
80 40 15
28 57 15
22 95 15
28 57 15
77 12 15
22 95 15
77 12 15
28 57 15
77 12 15
53 63 15
28 57 15
53 63 15
77 12 15
53 63 15
80 50 15
77 12 15
80 50 15
53 63 15
80 50 15
0 45 15
53 63 15
0 45 15
80 50 15
0 45 15
30 58 15
80 50 15
30 58 15
0 45 15
30 58 15
3 88 15
0 45 15
3 88 15
30 58 15
3 88 15
86 33 15
30 58 15
86 33 15
3 88 15
86 33 15
36 48 15
3 88 15
36 48 15
86 33 15
36 48 15
1 71 15
86 33 15
1 71 15
36 48 15
1 71 15
96 93 15
36 48 15
96 93 15
1 71 15
96 93 15
90 47 15
1 71 15
90 47 15
96 93 15
90 47 15
24 16 15
96 93 15
24 16 15
90 47 15
24 16 15
3 59 15
90 47 15
3 59 15
24 16 15
3 59 15
11 75 15
24 16 15
11 75 15
3 59 15
11 75 15
35 60 15
3 59 15
35 60 15
11 75 15
35 60 15
66 75 15
11 75 15
66 75 15
35 60 15
66 75 15
8 74 15
35 60 15
8 74 15
66 75 15
8 74 15
62 39 15
66 75 15
62 39 15
8 74 15
62 39 15
17 11 15
8 74 15
17 11 15
62 39 15
17 11 15
39 6 15
62 39 15
39 6 15
17 11 15
39 6 15
18 37 15
17 11 15
18 37 15
39 6 15
18 37 15
8 45 15
39 6 15
8 45 15
18 37 15
8 45 15
22 91 15
18 37 15
22 91 15
8 45 15
22 91 15
96 76 15
8 45 15
96 76 15
22 91 15
96 76 15
69 10 15
22 91 15
69 10 15
96 76 15
69 10 15
23 47 15
96 76 15
23 47 15
69 10 15
23 47 15
57 6 15
69 10 15
57 6 15
23 47 15
57 6 15
91 70 15
23 47 15
91 70 15
57 6 15
91 70 15
21 61 15
57 6 15
21 61 15
91 70 15
21 61 15
37 93 15
91 70 15
37 93 15
21 61 15
37 93 15
78 98 15
21 61 15
78 98 15
37 93 15
78 98 15
48 23 15
37 93 15
48 23 15
78 98 15
48 23 15
83 28 15
78 98 15
83 28 15
48 23 15
83 28 15
46 24 15
48 23 15
46 24 15
83 28 15
46 24 15
8 86 15
83 28 15
8 86 15
46 24 15
8 86 15
78 73 15
46 24 15
78 73 15
8 86 15
78 73 15
15 80 15
8 86 15
15 80 15
78 73 15
15 80 15
93 76 15
78 73 15
93 76 15
15 80 15
93 76 15
51 77 15
15 80 15
51 77 15
93 76 15
51 77 15
19 98 15
93 76 15
19 98 15
51 77 15
19 98 15
60 68 15
51 77 15
60 68 15
19 98 15
60 68 15
70 9 15
19 98 15
70 9 15
60 68 15
70 9 15
99 21 15
60 68 15
99 21 15
70 9 15
99 21 15
95 45 15
70 9 15
95 45 15
99 21 15
95 45 15
13 39 15
99 21 15
13 39 15
95 45 15
13 39 15
46 95 15
95 45 15
46 95 15
13 39 15
46 95 15
25 83 15
13 39 15
25 83 15
46 95 15
25 83 15
91 65 15
46 95 15
91 65 15
25 83 15
91 65 15
57 19 15
25 83 15
57 19 15
91 65 15
57 19 15
97 89 15
91 65 15
97 89 15
57 19 15
97 89 15
13 69 15
57 19 15
13 69 15
97 89 15
13 69 15
59 91 15
97 89 15
59 91 15
13 69 15
59 91 15
8 11 15
13 69 15
8 11 15
59 91 15
8 11 15
54 9 15
59 91 15
54 9 15
8 11 15
54 9 15
47 20 15
8 11 15
47 20 15
54 9 15
47 20 15
28 17 15
54 9 15
28 17 15
47 20 15
28 17 15
24 14 15
47 20 15
24 14 15
28 17 15
24 14 15
43 83 15
28 17 15
43 83 15
24 14 15
43 83 15
72 94 15
24 14 15
72 94 15
43 83 15
72 94 15
61 74 15
43 83 15
61 74 15
72 94 15
61 74 15
33 94 15
72 94 15
33 94 15
61 74 15
33 94 15
78 31 15
61 74 15
78 31 15
33 94 15
78 31 15
37 8 15
33 94 15
37 8 15
78 31 15
37 8 15
51 16 15
78 31 15
51 16 15
37 8 15
51 16 15
40 28 15
37 8 15
40 28 15
51 16 15
40 28 15
71 99 15
51 16 15
71 99 15
40 28 15
71 99 15
46 4 15
40 28 15
46 4 15
71 99 15
46 4 15
57 26 15
71 99 15
57 26 15
46 4 15
57 26 15
8 24 15
46 4 15
8 24 15
57 26 15
8 24 15
29 25 15
57 26 15
29 25 15
8 24 15
29 25 15
64 3 15
8 24 15
64 3 15
29 25 15
64 3 15
3 5 15
29 25 15
3 5 15
64 3 15
3 5 15
79 97 15
64 3 15
79 97 15
3 5 15
79 97 15
32 69 15
3 5 15
32 69 15
79 97 15
32 69 15
28 94 15
79 97 15
28 94 15
32 69 15
28 94 15
98 44 15
32 69 15
98 44 15
28 94 15
98 44 15
92 50 15
28 94 15
92 50 15
98 44 15
92 50 15
24 48 15
98 44 15
24 48 15
92 50 15
24 48 15
9 75 15
92 50 15
9 75 15
24 48 15
9 75 15
9 97 15
24 48 15
9 97 15
9 75 15
9 97 15
13 13 15
9 75 15
13 13 15
9 97 15
13 13 15
96 90 15
9 97 15
96 90 15
13 13 15
96 90 15
22 75 15
13 13 15
22 75 15
96 90 15
22 75 15
69 27 15
96 90 15
69 27 15
22 75 15
69 27 15
26 1 15
22 75 15
26 1 15
69 27 15
26 1 15
58 85 15
69 27 15
58 85 15
26 1 15
58 85 15
53 84 15
26 1 15
53 84 15
58 85 15
53 84 15
78 59 15
58 85 15
78 59 15
53 84 15
78 59 15
38 42 15
53 84 15
38 42 15
78 59 15
38 42 15
85 97 15
78 59 15
85 97 15
38 42 15
85 97 15
81 11 15
38 42 15
81 11 15
85 97 15
81 11 15
28 16 15
85 97 15
28 16 15
81 11 15
28 16 15
80 70 15
81 11 15
80 70 15
28 16 15
80 70 15
18 78 15
28 16 15
18 78 15
80 70 15
18 78 15
71 18 15
80 70 15
71 18 15
18 78 15
71 18 15
94 57 15
18 78 15
94 57 15
71 18 15
94 57 15
56 97 15
71 18 15
56 97 15
94 57 15
56 97 15
84 51 15
94 57 15
84 51 15
56 97 15
84 51 15
70 3 15
56 97 15
70 3 15
84 51 15
70 3 15
15 77 15
84 51 15
15 77 15
70 3 15
15 77 15
20 45 15
70 3 15
20 45 15
15 77 15
20 45 15
83 21 15
15 77 15
83 21 15
20 45 15
83 21 15
58 76 15
20 45 15
58 76 15
83 21 15
58 76 15
2 29 15
83 21 15
2 29 15
58 76 15
2 29 15
11 35 15
58 76 15
11 35 15
2 29 15
11 35 15
63 13 15
2 29 15
63 13 15
11 35 15
63 13 15
38 12 15
11 35 15
38 12 15
63 13 15
38 12 15
76 55 15
63 13 15
76 55 15
38 12 15
76 55 15
32 88 15
38 12 15
32 88 15
76 55 15
32 88 15
47 83 15
76 55 15
47 83 15
32 88 15
47 83 15
92 89 15
32 88 15
92 89 15
47 83 15
92 89 15
95 80 15
47 83 15
95 80 15
92 89 15
95 80 15
71 20 15
92 89 15
71 20 15
95 80 15
71 20 15
76 65 15
95 80 15
76 65 15
71 20 15
76 65 15
43 18 15
71 20 15
43 18 15
76 65 15
43 18 15
26 74 15
76 65 15
26 74 15
43 18 15
26 74 15
100 87 15
43 18 15
100 87 15
26 74 15
100 87 15
19 34 15
26 74 15
19 34 15
100 87 15
19 34 15
18 13 15
100 87 15
18 13 15
19 34 15
18 13 15
91 6 15
19 34 15
91 6 15
18 13 15
91 6 15
5 80 15
18 13 15
5 80 15
91 6 15
5 80 15
3 91 15
91 6 15
3 91 15
5 80 15
3 91 15
85 0 15
5 80 15
85 0 15
3 91 15
85 0 15
46 44 15
3 91 15
46 44 15
85 0 15
46 44 15
24 62 15
85 0 15
24 62 15
46 44 15
24 62 15
30 28 15
46 44 15
30 28 15
24 62 15
30 28 15
51 39 15
24 62 15
51 39 15
30 28 15
51 39 15
37 74 15
30 28 15
37 74 15
51 39 15
37 74 15
54 100 15
51 39 15
54 100 15
37 74 15
54 100 15
12 86 15
37 74 15
12 86 15
54 100 15
12 86 15
26 26 15
54 100 15
26 26 15
12 86 15
26 26 15
94 46 15
12 86 15
94 46 15
26 26 15
94 46 15
14 53 15
26 26 15
14 53 15
94 46 15
14 53 15
57 85 15
94 46 15
57 85 15
14 53 15
57 85 15
89 41 15
14 53 15
89 41 15
57 85 15
89 41 15
11 22 15
57 85 15
11 22 15
89 41 15
11 22 15
96 3 15
89 41 15
96 3 15
11 22 15
96 3 15
78 76 15
11 22 15
78 76 15
96 3 15
78 76 15
35 78 15
96 3 15
35 78 15
78 76 15
35 78 15
97 12 15
78 76 15
97 12 15
35 78 15
97 12 15
77 46 15
35 78 15
77 46 15
97 12 15
77 46 15
62 33 15
97 12 15
62 33 15
77 46 15
62 33 15
83 8 15
77 46 15
83 8 15
62 33 15
83 8 15
91 47 15
62 33 15
91 47 15
83 8 15
91 47 15
60 93 15
83 8 15
60 93 15
91 47 15
60 93 15
11 64 15
91 47 15
11 64 15
60 93 15
11 64 15
52 47 15
60 93 15
52 47 15
11 64 15
52 47 15
63 29 15
11 64 15
63 29 15
52 47 15
63 29 15
91 91 15
52 47 15
91 91 15
63 29 15
91 91 15
4 48 15
63 29 15
4 48 15
91 91 15
4 48 15
85 99 15
91 91 15
85 99 15
4 48 15
85 99 15
52 55 15
4 48 15
52 55 15
85 99 15
52 55 15
53 56 15
85 99 15
53 56 15
52 55 15
53 56 15
90 90 15
52 55 15
90 90 15
53 56 15
90 90 15
19 95 15
53 56 15
19 95 15
90 90 15
19 95 15
75 89 15
90 90 15
75 89 15
19 95 15
75 89 15
38 37 15
19 95 15
38 37 15
75 89 15
38 37 15
21 42 15
75 89 15
21 42 15
38 37 15
21 42 15
74 90 15
38 37 15
74 90 15
21 42 15
74 90 15
84 55 15
21 42 15
84 55 15
74 90 15
84 55 15
24 39 15
74 90 15
24 39 15
84 55 15
24 39 15
79 24 15
84 55 15
79 24 15
24 39 15
79 24 15
47 68 15
24 39 15
47 68 15
79 24 15
47 68 15
38 90 15
79 24 15
38 90 15
47 68 15
38 90 15
64 59 15
47 68 15
64 59 15
38 90 15
64 59 15
6 100 15
38 90 15
6 100 15
64 59 15
6 100 15
38 36 15
64 59 15
38 36 15
6 100 15
38 36 15
68 72 15
6 100 15
68 72 15
38 36 15
68 72 15
31 27 15
38 36 15
31 27 15
68 72 15
31 27 15
87 14 15
68 72 15
87 14 15
31 27 15
87 14 15
49 19 15
31 27 15
49 19 15
87 14 15
49 19 15
1 3 15
87 14 15
1 3 15
49 19 15
1 3 15
68 79 15
49 19 15
68 79 15
1 3 15
68 79 15
67 14 15
1 3 15
67 14 15
68 79 15
67 14 15
19 73 15
68 79 15
19 73 15
67 14 15
19 73 15
5 68 15
67 14 15
5 68 15
19 73 15
5 68 15
83 40 15
19 73 15
83 40 15
5 68 15
83 40 15
36 81 15
5 68 15
36 81 15
83 40 15
36 81 15
59 39 15
83 40 15
59 39 15
36 81 15
59 39 15
35 20 15
36 81 15
35 20 15
59 39 15
35 20 15
62 17 15
59 39 15
62 17 15
35 20 15
62 17 15
66 39 15
35 20 15
66 39 15
62 17 15
66 39 15
18 41 15
62 17 15
18 41 15
66 39 15
18 41 15
38 76 15
66 39 15
38 76 15
18 41 15
38 76 15
17 31 15
18 41 15
17 31 15
38 76 15
17 31 15
59 50 15
38 76 15
59 50 15
17 31 15
59 50 15
77 46 15
17 31 15
77 46 15
59 50 15
77 46 15
31 79 15
59 50 15
31 79 15
77 46 15
31 79 15
51 72 15
77 46 15
51 72 15
31 79 15
51 72 15
48 36 15
31 79 15
48 36 15
51 72 15
48 36 15
100 18 15
51 72 15
100 18 15
48 36 15
100 18 15
30 0 15
48 36 15
30 0 15
100 18 15
30 0 15
1 96 15
100 18 15
1 96 15
30 0 15
1 96 15
57 45 15
30 0 15
57 45 15
1 96 15
57 45 15
0 85 15
1 96 15
0 85 15
57 45 15
0 85 15
7 52 15
57 45 15
7 52 15
0 85 15
7 52 15
6 8 15
0 85 15
6 8 15
7 52 15
6 8 15
11 83 15
7 52 15
11 83 15
6 8 15
11 83 15
7 13 15
6 8 15
7 13 15
11 83 15
7 13 15
84 21 15
11 83 15
84 21 15
7 13 15
84 21 15
52 17 15
7 13 15
52 17 15
84 21 15
52 17 15
74 88 15
84 21 15
74 88 15
52 17 15
74 88 15
44 100 15
52 17 15
44 100 15
74 88 15
44 100 15
42 70 15
74 88 15
42 70 15
44 100 15
42 70 15
12 38 15
44 100 15
12 38 15
42 70 15
12 38 15
0 10 15
42 70 15
0 10 15
12 38 15
0 10 15
76 91 15
12 38 15
76 91 15
0 10 15
76 91 15
68 63 15
0 10 15
68 63 15
76 91 15
68 63 15
2 92 15
76 91 15
2 92 15
68 63 15
2 92 15
93 74 15
68 63 15
93 74 15
2 92 15
93 74 15
16 38 15
2 92 15
16 38 15
93 74 15
16 38 15
79 8 15
93 74 15
79 8 15
16 38 15
79 8 15
74 100 15
16 38 15
74 100 15
79 8 15
74 100 15
37 91 15
79 8 15
37 91 15
74 100 15
37 91 15
100 28 15
74 100 15
100 28 15
37 91 15
100 28 15
75 32 15
37 91 15
75 32 15
100 28 15
75 32 15
0 11 15
100 28 15
0 11 15
75 32 15
0 11 15
85 11 15
75 32 15
85 11 15
0 11 15
85 11 15
5 14 15
0 11 15
5 14 15
85 11 15
5 14 15
60 88 15
85 11 15
60 88 15
5 14 15
60 88 15
34 97 15
5 14 15
34 97 15
60 88 15
34 97 15
85 31 15
60 88 15
85 31 15
34 97 15
85 31 15
78 96 15
34 97 15
78 96 15
85 31 15
78 96 15
64 54 15
85 31 15
64 54 15
78 96 15
64 54 15
3 56 15
78 96 15
3 56 15
64 54 15
3 56 15
13 6 15
64 54 15
13 6 15
3 56 15
13 6 15
62 40 15
3 56 15
62 40 15
13 6 15
62 40 15
98 5 15
13 6 15
98 5 15
62 40 15
98 5 15
20 69 15
62 40 15
20 69 15
98 5 15
20 69 15
44 45 15
98 5 15
44 45 15
20 69 15
44 45 15
63 99 15
20 69 15
63 99 15
44 45 15
63 99 15
87 25 15
44 45 15
87 25 15
63 99 15
87 25 15
34 4 15
63 99 15
34 4 15
87 25 15
34 4 15
40 100 15
87 25 15
40 100 15
34 4 15
40 100 15
8 56 15
34 4 15
8 56 15
40 100 15
8 56 15
15 18 15
40 100 15
15 18 15
8 56 15
15 18 15
5 3 15
8 56 15
5 3 15
15 18 15
5 3 15
68 55 15
15 18 15
68 55 15
5 3 15
68 55 15
36 43 15
5 3 15
36 43 15
68 55 15
36 43 15
29 8 15
68 55 15
29 8 15
36 43 15
29 8 15
91 79 15
36 43 15
91 79 15
29 8 15
91 79 15
36 86 15
29 8 15
36 86 15
91 79 15
36 86 15
73 33 15
91 79 15
73 33 15
36 86 15
73 33 15
20 3 15
36 86 15
20 3 15
73 33 15
20 3 15
7 73 15
73 33 15
7 73 15
20 3 15
7 73 15
20 65 15
20 3 15
20 65 15
7 73 15
20 65 15
15 86 15
7 73 15
15 86 15
20 65 15
15 86 15
28 40 15
20 65 15
28 40 15
15 86 15
28 40 15
36 85 15
15 86 15
36 85 15
28 40 15
36 85 15
21 69 15
28 40 15
21 69 15
36 85 15
21 69 15
25 33 15
36 85 15
25 33 15
21 69 15
25 33 15
29 49 15
21 69 15
29 49 15
25 33 15
29 49 15
39 76 15
25 33 15
39 76 15
29 49 15
39 76 15
80 4 15
29 49 15
80 4 15
39 76 15
80 4 15
10 83 15
39 76 15
10 83 15
80 4 15
10 83 15
88 37 15
80 4 15
88 37 15
10 83 15
88 37 15
42 90 15
10 83 15
42 90 15
88 37 15
42 90 15
93 88 15
88 37 15
93 88 15
42 90 15
93 88 15
62 25 15
42 90 15
62 25 15
93 88 15
62 25 15
43 88 15
93 88 15
43 88 15
62 25 15
43 88 15
66 42 15
62 25 15
66 42 15
43 88 15
66 42 15
46 8 15
43 88 15
46 8 15
66 42 15
46 8 15
80 85 15
66 42 15
80 85 15
46 8 15
80 85 15
90 61 15
46 8 15
90 61 15
80 85 15
90 61 15
4 80 15
80 85 15
4 80 15
90 61 15
4 80 15
95 73 15
90 61 15
95 73 15
4 80 15
95 73 15
6 15 15
4 80 15
6 15 15
95 73 15
6 15 15
24 47 15
95 73 15
24 47 15
6 15 15
24 47 15
55 32 15
6 15 15
55 32 15
24 47 15
55 32 15
33 61 15
24 47 15
33 61 15
55 32 15
33 61 15
92 41 15
55 32 15
92 41 15
33 61 15
92 41 15
25 71 15
33 61 15
25 71 15
92 41 15
25 71 15
40 81 15
92 41 15
40 81 15
25 71 15
40 81 15
22 26 15
25 71 15
22 26 15
40 81 15
22 26 15
55 27 15
40 81 15
55 27 15
22 26 15
55 27 15
27 11 15
22 26 15
27 11 15
55 27 15
27 11 15
39 88 15
55 27 15
39 88 15
27 11 15
39 88 15
62 1 15
27 11 15
62 1 15
39 88 15
62 1 15
39 5 15
39 88 15
39 5 15
62 1 15
39 5 15
91 24 15
62 1 15
91 24 15
39 5 15
91 24 15
54 87 15
39 5 15
54 87 15
91 24 15
54 87 15
61 36 15
91 24 15
61 36 15
54 87 15
61 36 15
16 48 15
54 87 15
16 48 15
61 36 15
16 48 15
59 56 15
61 36 15
59 56 15
16 48 15
59 56 15
71 14 15
16 48 15
71 14 15
59 56 15
71 14 15
88 47 15
59 56 15
88 47 15
71 14 15
88 47 15
62 22 15
71 14 15
62 22 15
88 47 15
62 22 15
2 2 15
88 47 15
2 2 15
62 22 15
2 2 15
88 4 15
62 22 15
88 4 15
2 2 15
88 4 15
43 87 15
2 2 15
43 87 15
88 4 15
43 87 15
74 11 15
88 4 15
74 11 15
43 87 15
74 11 15
57 77 15
43 87 15
57 77 15
74 11 15
57 77 15
84 18 15
74 11 15
84 18 15
57 77 15
84 18 15
53 76 15
57 77 15
53 76 15
84 18 15
53 76 15
84 63 15
84 18 15
84 63 15
53 76 15
84 63 15
10 69 15
53 76 15
10 69 15
84 63 15
10 69 15
10 54 15
84 63 15
10 54 15
10 69 15
10 54 15
5 55 15
10 69 15
5 55 15
10 54 15
5 55 15
80 49 15
10 54 15
80 49 15
5 55 15
80 49 15
67 48 15
5 55 15
67 48 15
80 49 15
67 48 15
10 82 15
80 49 15
10 82 15
67 48 15
10 82 15
53 63 15
67 48 15
53 63 15
10 82 15
53 63 15
60 14 15
10 82 15
60 14 15
53 63 15
60 14 15
63 86 15
53 63 15
63 86 15
60 14 15
63 86 15
58 62 15
60 14 15
58 62 15
63 86 15
58 62 15
0 37 15
63 86 15
0 37 15
58 62 15
0 37 15
29 27 15
58 62 15
29 27 15
0 37 15
29 27 15
73 44 15
0 37 15
73 44 15
29 27 15
73 44 15
5 0 15
29 27 15
5 0 15
73 44 15
5 0 15
22 85 15
73 44 15
22 85 15
5 0 15
22 85 15
55 26 15
5 0 15
55 26 15
22 85 15
55 26 15
10 42 15
22 85 15
10 42 15
55 26 15
10 42 15
57 77 15
55 26 15
57 77 15
10 42 15
57 77 15
88 84 15
10 42 15
88 84 15
57 77 15
88 84 15
78 91 15
57 77 15
78 91 15
88 84 15
78 91 15
99 47 15
88 84 15
99 47 15
78 91 15
99 47 15
58 20 15
78 91 15
58 20 15
99 47 15
58 20 15
92 31 15
99 47 15
92 31 15
58 20 15
92 31 15
2 98 15
58 20 15
2 98 15
92 31 15
2 98 15
26 11 15
92 31 15
26 11 15
2 98 15
26 11 15
37 56 15
2 98 15
37 56 15
26 11 15
37 56 15
97 72 15
26 11 15
97 72 15
37 56 15
97 72 15
92 25 15
37 56 15
92 25 15
97 72 15
92 25 15
69 90 15
97 72 15
69 90 15
92 25 15
69 90 15
33 59 15
92 25 15
33 59 15
69 90 15
33 59 15
61 66 15
69 90 15
61 66 15
33 59 15
61 66 15
46 12 15
33 59 15
46 12 15
61 66 15
46 12 15
90 47 15
61 66 15
90 47 15
46 12 15
90 47 15
68 83 15
46 12 15
68 83 15
90 47 15
68 83 15
90 70 15
90 47 15
90 70 15
68 83 15
90 70 15
72 14 15
68 83 15
72 14 15
90 70 15
72 14 15
4 5 15
90 70 15
4 5 15
72 14 15
4 5 15
9 77 15
72 14 15
9 77 15
4 5 15
9 77 15
72 86 15
4 5 15
72 86 15
9 77 15
72 86 15
100 70 15
9 77 15
100 70 15
72 86 15
100 70 15
86 50 15
72 86 15
86 50 15
100 70 15
86 50 15
96 29 15
100 70 15
96 29 15
86 50 15
96 29 15
51 36 15
86 50 15
51 36 15
96 29 15
51 36 15
21 38 15
96 29 15
21 38 15
51 36 15
21 38 15
72 12 15
51 36 15
72 12 15
21 38 15
72 12 15
66 32 15
21 38 15
66 32 15
72 12 15
66 32 15
84 32 15
72 12 15
84 32 15
66 32 15
84 32 15
27 78 15
66 32 15
27 78 15
84 32 15
27 78 15
72 48 15
84 32 15
72 48 15
27 78 15
72 48 15
33 90 15
27 78 15
33 90 15
72 48 15
33 90 15
31 28 15
72 48 15
31 28 15
33 90 15
31 28 15
43 2 15
33 90 15
43 2 15
31 28 15
43 2 15
77 86 15
31 28 15
77 86 15
43 2 15
77 86 15
6 20 15
43 2 15
6 20 15
77 86 15
6 20 15
17 50 15
77 86 15
17 50 15
6 20 15
17 50 15
37 66 15
6 20 15
37 66 15
17 50 15
37 66 15
1 11 15
17 50 15
1 11 15
37 66 15
1 11 15
17 100 15
37 66 15
17 100 15
1 11 15
17 100 15
49 26 15
1 11 15
49 26 15
17 100 15
49 26 15
7 51 15
17 100 15
7 51 15
49 26 15
7 51 15
3 70 15
49 26 15
3 70 15
7 51 15
3 70 15
75 57 15
7 51 15
75 57 15
3 70 15
75 57 15
22 27 15
3 70 15
22 27 15
75 57 15
22 27 15
62 83 15
75 57 15
62 83 15
22 27 15
62 83 15
35 64 15
22 27 15
35 64 15
62 83 15
35 64 15
23 10 15
62 83 15
23 10 15
35 64 15
23 10 15
93 92 15
35 64 15
93 92 15
23 10 15
93 92 15
56 65 15
23 10 15
56 65 15
93 92 15
56 65 15
61 77 15
93 92 15
61 77 15
56 65 15
61 77 15
100 60 15
56 65 15
100 60 15
61 77 15
100 60 15
76 43 15
61 77 15
76 43 15
100 60 15
76 43 15
0 79 15
100 60 15
0 79 15
76 43 15
0 79 15
61 0 15
76 43 15
61 0 15
0 79 15
61 0 15
71 36 15
0 79 15
71 36 15
61 0 15
71 36 15
65 54 15
61 0 15
65 54 15
71 36 15
65 54 15
11 94 15
71 36 15
11 94 15
65 54 15
11 94 15
12 12 15
65 54 15
12 12 15
11 94 15
12 12 15
34 64 15
11 94 15
34 64 15
12 12 15
34 64 15
12 12 15
34 64 15
