19 37 3
45 5 3
14 28 3
7 71 3
0 13 3
100 61 3
57 4 3
50 35 3
43 91 3
36 42 3
87 51 3
30 35 3
21 45 3
41 68 3
97 5 3
11 8 3
19 45 3
65 71 3
71 21 3
76 50 3
83 29 3
78 12 3
37 52 3
55 24 3
46 87 3
13 24 3
80 65 3
73 28 3
21 26 3
49 35 3
23 93 3
61 18 3
100 66 3
11 94 3
4 100 3
61 92 3
77 39 3
49 32 3
57 28 3
70 41 3
4 46 3
44 69 3
37 10 3
0 48 3
6 78 3
5 51 3
55 76 3
19 4 3
78 47 3
57 11 3
83 67 3
13 41 3
30 45 3
37 73 3
89 81 3
18 8 3
86 4 3
91 98 3
16 53 3
61 12 3
46 40 3
26 38 3
44 91 3
7 86 3
87 99 3
78 0 3
53 41 3
17 23 3
61 69 3
100 42 3
82 70 3
43 55 3
63 71 3
45 84 3
87 56 3
43 66 3
63 58 3
97 66 3
79 19 3
29 81 3
55 32 3
69 21 3
63 57 3
32 78 3
28 10 3
78 58 3
57 57 3
60 40 3
15 34 3
20 56 3
67 63 3
31 85 3
98 15 3
27 11 3
1 4 3
65 52 3
28 4 3
98 24 3
66 80 3
68 63 3
44 43 3
73 33 3
67 14 3
5 60 3
48 41 3
15 79 3
6 16 3
50 49 3
7 25 3
8 45 3
81 82 3
50 18 3
7 45 3
65 63 3
41 83 3
7 60 3
97 20 3
64 36 3
20 29 3
77 57 3
28 61 3
60 31 3
61 19 3
48 68 3
98 27 3
87 61 3
19 61 3
90 7 3
23 48 3
24 19 3
1 18 3
98 97 3
89 91 3
89 75 3
9 40 3
65 65 3
79 4 3
90 45 3
41 31 3
38 54 3
68 33 3
18 85 3
88 6 3
5 13 3
15 6 3
29 1 3
91 34 3
56 5 3
59 33 3
77 89 3
74 20 3
69 72 3
53 62 3
40 11 3
14 16 3
4 34 3
4 12 3
62 39 3
55 7 3
54 47 3
46 61 3
0 18 3
51 72 3
94 34 3
21 21 3
80 0 3
88 55 3
48 61 3
48 28 3
42 3 3
53 37 3
67 67 3
33 100 3
54 49 3
91 20 3
8 1 3
34 61 3
43 22 3
83 44 3
0 24 3
74 22 3
45 19 3
71 14 3
10 55 3
27 74 3
23 19 3
46 40 3
99 79 3
36 98 3
52 20 3
39 89 3
15 49 3
75 78 3
59 99 3
93 41 3
43 81 3
70 7 3
78 96 3
69 19 3
96 78 3
8 12 3
29 83 3
7 36 3
13 17 3
35 20 3
14 22 3
75 9 3
14 52 3
84 22 3
11 43 3
88 0 3
7 74 3
84 82 3
64 74 3
12 82 3
49 17 3
72 66 3
72 79 3
4 81 3
90 75 3
78 88 3
14 89 3
47 41 3
6 36 3
89 55 3
21 18 3
25 53 3
29 86 3
22 33 3
48 79 3
19 78 3
0 69 3
11 37 3
70 49 3
34 25 3
3 76 3
23 31 3
26 26 3
82 86 3
93 2 3
37 25 3
58 17 3
59 69 3
1 11 3
85 53 3
71 22 3
45 70 3
25 33 3
79 93 3
66 20 3
11 92 3
97 2 3
35 60 3
32 88 3
73 54 3
59 52 3
100 1 3
70 68 3
51 61 3
56 37 3
80 72 3
46 84 3
91 53 3
76 24 3
62 90 3
65 7 3
65 90 3
75 91 3
63 28 3
21 86 3
90 29 3
41 4 3
59 54 3
31 29 3
81 94 3
0 34 3
12 84 3
100 89 3
30 36 3
34 0 3
12 61 3
40 5 3
77 26 3
17 21 3
31 75 3
84 94 3
36 48 3
37 55 3
60 58 3
36 96 3
53 75 3
70 13 3
98 4 3
32 53 3
55 47 3
20 98 3
74 33 3
95 63 3
54 59 3
65 13 3
17 97 3
14 40 3
89 8 3
49 10 3
65 39 3
56 61 3
36 13 3
79 61 3
71 65 3
89 4 3
18 89 3
10 25 3
30 70 3
37 61 3
75 42 3
75 59 3
2 19 3
15 48 3
77 23 3
28 45 3
73 53 3
69 34 3
92 65 3
41 48 3
32 23 3
43 72 3
14 33 3
43 80 3
62 71 3
94 93 3
68 19 3
31 84 3
57 26 3
6 5 3
69 66 3
40 34 3
30 80 3
36 28 3
48 98 3
88 36 3
58 35 3
54 71 3
74 89 3
96 71 3
11 49 3
94 85 3
41 76 3
47 23 3
61 51 3
45 6 3
81 46 3
11 96 3
99 0 3
67 51 3
58 12 3
79 64 3
39 100 3
54 32 3
42 14 3
76 19 3
39 10 3
10 91 3
78 7 3
56 28 3
85 90 3
37 59 3
8 67 3
89 10 3
12 85 3
78 48 3
99 77 3
86 96 3
40 100 3
87 11 3
69 63 3
100 46 3
90 3 3
57 8 3
46 74 3
16 71 3
80 11 3
21 90 3
52 93 3
85 43 3
73 62 3
83 69 3
51 40 3
9 68 3
19 34 3
66 18 3
48 27 3
89 31 3
79 16 3
80 96 3
35 16 3
70 0 3
76 77 3
41 30 3
37 87 3
44 36 3
68 52 3
67 13 3
95 48 3
58 70 3
25 64 3
9 28 3
53 84 3
44 72 3
2 79 3
39 62 3
68 8 3
72 86 3
96 95 3
73 13 3
78 41 3
22 95 3
80 76 3
43 70 3
76 41 3
89 28 3
11 10 3
98 32 3
35 18 3
48 33 3
81 80 3
56 99 3
89 64 3
7 93 3
97 94 3
93 37 3
93 92 3
60 2 3
48 21 3
70 58 3
57 89 3
49 88 3
48 98 3
57 4 3
64 17 3
69 89 3
95 59 3
23 58 3
30 6 3
28 51 3
11 95 3
26 39 3
40 72 3
4 41 3
14 25 3
81 37 3
58 34 3
4 51 3
51 41 3
32 93 3
69 8 3
64 25 3
27 41 3
30 28 3
77 4 3
17 46 3
73 100 3
40 14 3
0 47 3
25 8 3
68 80 3
58 39 3
70 78 3
47 18 3
3 30 3
19 84 3
50 97 3
33 48 3
39 20 3
36 53 3
29 4 3
48 42 3
51 74 3
66 97 3
23 42 3
100 90 3
74 10 3
19 16 3
10 78 3
39 45 3
73 72 3
77 68 3
94 76 3
4 58 3
67 72 3
64 37 3
50 23 3
48 4 3
67 38 3
51 51 3
51 7 3
71 38 3
45 4 3
68 3 3
68 93 3
54 50 3
41 71 3
81 67 3
94 32 3
95 82 3
82 34 3
32 96 3
53 29 3
98 68 3
91 58 3
53 64 3
57 49 3
58 73 3
24 8 3
4 18 3
35 23 3
52 14 3
47 70 3
78 23 3
75 12 3
98 100 3
8 42 3
54 59 3
83 24 3
9 61 3
94 58 3
100 91 3
2 27 3
34 21 3
94 23 3
33 68 3
85 44 3
92 63 3
88 70 3
71 10 3
78 67 3
35 42 3
19 27 3
6 49 3
45 39 3
41 89 3
5 24 3
90 48 3
46 65 3
54 16 3
3 86 3
48 51 3
86 6 3
73 37 3
83 28 3
36 80 3
97 16 3
50 91 3
73 87 3
3 11 3
76 64 3
60 19 3
6 54 3
96 6 3
4 63 3
19 33 3
69 45 3
88 8 3
8 92 3
71 76 3
25 48 3
28 13 3
73 91 3
18 7 3
29 31 3
26 15 3
95 64 3
56 16 3
100 65 3
100 65 31
37 61 31
38 94 31
66 89 31
0 64 31
2 63 31
20 19 31
42 29 31
10 56 31
39 81 31
87 78 31
99 16 31
20 59 31
17 45 31
50 100 31
30 28 31
30 54 31
83 80 31
4 22 31
21 78 31
30 71 31
82 53 31
95 89 31
32 20 31
74 84 31
77 72 31
77 51 31
96 90 31
63 25 31
65 17 31
44 47 31
93 96 31
94 20 31
42 64 31
75 57 31
20 55 31
86 82 31
16 0 31
75 39 31
87 41 31
56 54 31
13 37 31
46 70 31
75 5 31
21 12 31
15 35 31
21 12 31
15 35 31
74 14 31
15 35 31
74 14 31
80 54 31
74 14 31
80 54 31
57 37 31
80 54 31
57 37 31
42 71 31
57 37 31
42 71 31
72 69 31
42 71 31
72 69 31
71 32 31
72 69 31
71 32 31
34 41 31
71 32 31
34 41 31
68 15 31
34 41 31
68 15 31
1 47 31
68 15 31
1 47 31
100 14 31
1 47 31
100 14 31
86 100 31
100 14 31
86 100 31
70 46 31
86 100 31
70 46 31
88 71 31
70 46 31
88 71 31
70 44 31
88 71 31
70 44 31
58 34 31
70 44 31
58 34 31
52 34 31
58 34 31
52 34 31
77 22 31
52 34 31
77 22 31
10 30 31
77 22 31
10 30 31
89 77 31
10 30 31
89 77 31
41 53 31
89 77 31
41 53 31
23 86 31
41 53 31
23 86 31
26 42 31
23 86 31
26 42 31
54 72 31
26 42 31
54 72 31
38 83 31
54 72 31
38 83 31
93 100 31
38 83 31
93 100 31
68 69 31
93 100 31
68 69 31
6 90 31
68 69 31
6 90 31
19 1 31
6 90 31
19 1 31
9 42 31
19 1 31
9 42 31
13 40 31
9 42 31
13 40 31
1 100 31
13 40 31
1 100 31
100 65 40
13 40 40
100 65 40
1 100 40
37 61 40
1 100 40
37 61 40
53 21 40
38 94 40
53 21 40
38 94 40
17 89 40
66 89 40
17 89 40
66 89 40
34 98 40
0 64 40
34 98 40
0 64 40
45 51 40
2 63 40
45 51 40
2 63 40
46 91 40
20 19 40
46 91 40
20 19 40
30 13 40
42 29 40
30 13 40
42 29 40
67 24 40
10 56 40
67 24 40
10 56 40
45 36 40
39 81 40
45 36 40
39 81 40
2 92 40
87 78 40
2 92 40
87 78 40
35 24 40
99 16 40
35 24 40
99 16 40
13 97 40
20 59 40
13 97 40
20 59 40
11 31 40
17 45 40
11 31 40
17 45 40
97 38 40
50 100 40
97 38 40
50 100 40
59 95 40
30 28 40
59 95 40
30 28 40
82 4 40
30 54 40
82 4 40
30 54 40
16 100 40
83 80 40
16 100 40
83 80 40
17 58 40
4 22 40
17 58 40
4 22 40
39 37 40
21 78 40
39 37 40
21 78 40
15 67 40
30 71 40
15 67 40
30 71 40
73 96 40
82 53 40
73 96 40
82 53 40
94 47 40
95 89 40
94 47 40
95 89 40
31 68 40
32 20 40
31 68 40
32 20 40
17 56 40
74 84 40
17 56 40
74 84 40
11 93 40
77 72 40
11 93 40
77 72 40
46 0 40
77 51 40
46 0 40
77 51 40
91 44 40
96 90 40
91 44 40
96 90 40
21 45 40
63 25 40
21 45 40
63 25 40
50 26 40
65 17 40
50 26 40
65 17 40
21 94 40
44 47 40
21 94 40
44 47 40
77 59 40
93 96 40
77 59 40
93 96 40
45 32 40
94 20 40
45 32 40
94 20 40
93 23 40
42 64 40
93 23 40
42 64 40
87 78 40
75 57 40
87 78 40
75 57 40
93 82 40
20 55 40
93 82 40
20 55 40
7 56 40
86 82 40
7 56 40
86 82 40
73 73 40
16 0 40
73 73 40
16 0 40
60 53 40
75 39 40
60 53 40
75 39 40
58 77 40
87 41 40
58 77 40
87 41 40
1 91 40
56 54 40
1 91 40
56 54 40
81 3 40
13 37 40
81 3 40
13 37 40
37 53 40
46 70 40
37 53 40
46 70 40
46 84 40
75 5 40
46 84 40
75 5 40
71 66 40
21 12 40
71 66 40
21 12 40
86 53 40
15 35 40
86 53 40
15 35 40
32 18 40
74 14 40
32 18 40
74 14 40
79 94 40
80 54 40
79 94 40
80 54 40
44 70 40
57 37 40
44 70 40
57 37 40
13 52 40
42 71 40
13 52 40
42 71 40
87 98 40
72 69 40
87 98 40
72 69 40
0 11 40
71 32 40
0 11 40
71 32 40
95 9 40
34 41 40
95 9 40
34 41 40
100 42 40
68 15 40
100 42 40
68 15 40
62 85 40
1 47 40
62 85 40
1 47 40
34 22 40
100 14 40
34 22 40
100 14 40
26 32 40
86 100 40
26 32 40
86 100 40
26 67 40
70 46 40
26 67 40
70 46 40
13 56 40
88 71 40
13 56 40
88 71 40
63 26 40
70 44 40
63 26 40
70 44 40
59 89 40
58 34 40
59 89 40
58 34 40
41 87 40
52 34 40
41 87 40
52 34 40
39 3 40
77 22 40
39 3 40
77 22 40
25 18 40
10 30 40
25 18 40
10 30 40
72 73 40
89 77 40
72 73 40
89 77 40
8 74 40
41 53 40
8 74 40
41 53 40
24 94 40
23 86 40
24 94 40
23 86 40
67 90 40
26 42 40
67 90 40
26 42 40
81 70 40
54 72 40
81 70 40
54 72 40
2 97 40
38 83 40
2 97 40
38 83 40
37 90 40
93 100 40
37 90 40
93 100 40
87 72 40
68 69 40
87 72 40
68 69 40
68 54 40
6 90 40
68 54 40
6 90 40
30 78 40
19 1 40
30 78 40
19 1 40
15 50 40
9 42 40
15 50 40
9 42 40
83 5 40
13 40 40
83 5 40
13 40 40
53 60 40
1 100 40
53 60 40
1 100 40
53 10 40
53 21 40
53 10 40
53 21 40
39 15 40
17 89 40
39 15 40
17 89 40
86 87 40
34 98 40
86 87 40
34 98 40
74 79 40
45 51 40
74 79 40
45 51 40
98 29 40
46 91 40
98 29 40
46 91 40
98 52 40
30 13 40
98 52 40
30 13 40
76 15 40
67 24 40
76 15 40
67 24 40
42 98 40
45 36 40
42 98 40
45 36 40
41 44 40
2 92 40
41 44 40
2 92 40
66 54 40
35 24 40
66 54 40
35 24 40
88 92 40
13 97 40
88 92 40
13 97 40
96 96 40
11 31 40
96 96 40
11 31 40
9 98 40
97 38 40
9 98 40
97 38 40
42 68 40
59 95 40
42 68 40
59 95 40
94 40 40
82 4 40
94 40 40
82 4 40
87 0 40
16 100 40
87 0 40
16 100 40
88 14 40
17 58 40
88 14 40
17 58 40
16 40 40
39 37 40
16 40 40
39 37 40
58 40 40
15 67 40
58 40 40
15 67 40
36 96 40
73 96 40
36 96 40
73 96 40
89 90 40
94 47 40
89 90 40
94 47 40
9 16 40
31 68 40
9 16 40
31 68 40
79 56 40
17 56 40
79 56 40
17 56 40
19 90 40
11 93 40
19 90 40
11 93 40
18 84 40
46 0 40
18 84 40
46 0 40
76 93 40
91 44 40
76 93 40
91 44 40
52 95 40
21 45 40
52 95 40
21 45 40
75 76 40
50 26 40
75 76 40
50 26 40
2 85 40
21 94 40
2 85 40
21 94 40
83 80 40
77 59 40
83 80 40
77 59 40
15 85 40
45 32 40
15 85 40
45 32 40
73 60 40
93 23 40
73 60 40
93 23 40
91 35 40
87 78 40
91 35 40
87 78 40
46 29 40
93 82 40
46 29 40
93 82 40
39 89 40
7 56 40
39 89 40
7 56 40
76 92 40
73 73 40
76 92 40
73 73 40
68 94 40
60 53 40
68 94 40
60 53 40
67 72 40
58 77 40
67 72 40
58 77 40
17 15 40
1 91 40
17 15 40
1 91 40
27 21 40
81 3 40
27 21 40
81 3 40
25 1 40
37 53 40
25 1 40
37 53 40
2 24 40
46 84 40
2 24 40
46 84 40
91 57 40
71 66 40
91 57 40
71 66 40
54 58 40
86 53 40
54 58 40
86 53 40
7 62 40
32 18 40
7 62 40
32 18 40
86 71 40
79 94 40
86 71 40
79 94 40
70 96 40
44 70 40
70 96 40
44 70 40
18 36 40
13 52 40
18 36 40
13 52 40
69 74 40
87 98 40
69 74 40
87 98 40
11 17 40
0 11 40
11 17 40
0 11 40
49 72 40
95 9 40
49 72 40
95 9 40
68 93 40
100 42 40
68 93 40
100 42 40
80 61 40
62 85 40
80 61 40
62 85 40
18 27 40
34 22 40
18 27 40
34 22 40
4 55 40
26 32 40
4 55 40
26 32 40
8 19 40
26 67 40
8 19 40
26 67 40
59 30 40
13 56 40
59 30 40
13 56 40
100 56 40
63 26 40
100 56 40
63 26 40
30 92 40
59 89 40
30 92 40
59 89 40
3 55 40
41 87 40
3 55 40
41 87 40
90 17 40
39 3 40
90 17 40
39 3 40
70 49 40
25 18 40
70 49 40
25 18 40
44 97 40
72 73 40
44 97 40
72 73 40
13 92 40
8 74 40
13 92 40
8 74 40
41 99 40
24 94 40
41 99 40
24 94 40
28 43 40
67 90 40
28 43 40
67 90 40
58 52 40
81 70 40
58 52 40
81 70 40
19 21 40
2 97 40
19 21 40
2 97 40
16 12 40
37 90 40
16 12 40
37 90 40
38 67 40
87 72 40
38 67 40
87 72 40
25 31 40
68 54 40
25 31 40
68 54 40
97 14 40
30 78 40
97 14 40
30 78 40
52 31 40
15 50 40
52 31 40
15 50 40
0 76 40
83 5 40
0 76 40
83 5 40
96 9 40
53 60 40
96 9 40
53 60 40
28 40 40
53 10 40
28 40 40
53 10 40
89 99 40
39 15 40
89 99 40
39 15 40
56 29 40
86 87 40
56 29 40
86 87 40
32 33 40
74 79 40
32 33 40
74 79 40
6 42 40
98 29 40
6 42 40
98 29 40
48 96 40
98 52 40
48 96 40
98 52 40
73 21 40
76 15 40
73 21 40
76 15 40
76 56 40
42 98 40
76 56 40
42 98 40
69 30 40
41 44 40
69 30 40
41 44 40
53 6 40
66 54 40
69 30 40
53 6 40
66 54 40
41 44 40
53 6 40
70 84 40
88 92 40
66 54 40
70 84 40
29 36 40
96 96 40
88 92 40
29 36 40
52 35 40
9 98 40
96 96 40
52 35 40
37 77 40
42 68 40
9 98 40
37 77 40
86 34 40
94 40 40
42 68 40
86 34 40
15 37 40
87 0 40
94 40 40
15 37 40
32 77 40
88 14 40
87 0 40
32 77 40
46 50 40
16 40 40
88 14 40
46 50 40
53 93 40
58 40 40
16 40 40
53 93 40
15 68 40
36 96 40
58 40 40
15 68 40
36 22 40
89 90 40
36 96 40
36 22 40
4 37 40
9 16 40
89 90 40
4 37 40
11 3 40
79 56 40
9 16 40
11 3 40
47 76 40
19 90 40
79 56 40
47 76 40
91 57 40
18 84 40
19 90 40
91 57 40
11 53 40
76 93 40
18 84 40
11 53 40
61 84 40
52 95 40
76 93 40
61 84 40
95 54 40
75 76 40
52 95 40
95 54 40
2 55 40
2 85 40
75 76 40
2 55 40
88 32 40
83 80 40
2 85 40
88 32 40
7 20 40
15 85 40
83 80 40
7 20 40
91 6 40
73 60 40
15 85 40
91 6 40
45 51 40
91 35 40
73 60 40
45 51 40
60 68 40
46 29 40
91 35 40
60 68 40
64 64 40
39 89 40
46 29 40
64 64 40
26 3 40
76 92 40
39 89 40
26 3 40
58 95 40
68 94 40
76 92 40
58 95 40
100 43 40
67 72 40
68 94 40
100 43 40
16 72 40
17 15 40
67 72 40
16 72 40
31 64 40
27 21 40
17 15 40
31 64 40
22 15 40
25 1 40
27 21 40
22 15 40
86 77 40
2 24 40
25 1 40
86 77 40
44 48 40
91 57 40
2 24 40
44 48 40
79 10 40
54 58 40
91 57 40
79 10 40
50 2 40
7 62 40
54 58 40
50 2 40
89 83 40
86 71 40
7 62 40
89 83 40
51 54 40
70 96 40
86 71 40
51 54 40
84 33 40
18 36 40
70 96 40
84 33 40
59 89 40
69 74 40
18 36 40
59 89 40
12 21 40
11 17 40
69 74 40
12 21 40
14 46 40
49 72 40
11 17 40
14 46 40
5 82 40
68 93 40
49 72 40
5 82 40
76 58 40
80 61 40
68 93 40
76 58 40
61 88 40
18 27 40
80 61 40
61 88 40
57 5 40
4 55 40
18 27 40
57 5 40
12 13 40
8 19 40
4 55 40
12 13 40
61 46 40
59 30 40
8 19 40
61 46 40
27 22 40
100 56 40
59 30 40
27 22 40
63 71 40
30 92 40
100 56 40
63 71 40
86 59 40
3 55 40
30 92 40
86 59 40
3 91 40
90 17 40
3 55 40
3 91 40
85 81 40
70 49 40
90 17 40
85 81 40
21 79 40
44 97 40
70 49 40
21 79 40
86 23 40
13 92 40
44 97 40
86 23 40
5 81 40
41 99 40
13 92 40
5 81 40
46 0 40
28 43 40
41 99 40
46 0 40
16 96 40
58 52 40
28 43 40
16 96 40
92 68 40
19 21 40
58 52 40
92 68 40
28 100 40
16 12 40
19 21 40
28 100 40
28 91 40
38 67 40
16 12 40
28 91 40
71 44 40
25 31 40
38 67 40
71 44 40
89 100 40
97 14 40
25 31 40
89 100 40
41 25 40
52 31 40
97 14 40
41 25 40
9 62 40
0 76 40
52 31 40
9 62 40
12 4 40
96 9 40
0 76 40
12 4 40
96 6 40
28 40 40
96 9 40
96 6 40
51 70 40
89 99 40
28 40 40
51 70 40
74 63 40
56 29 40
89 99 40
74 63 40
4 96 40
32 33 40
56 29 40
4 96 40
37 16 40
6 42 40
32 33 40
37 16 40
7 81 40
48 96 40
6 42 40
7 81 40
41 9 40
73 21 40
48 96 40
41 9 40
61 74 40
76 56 40
73 21 40
61 74 40
5 63 40
69 30 40
76 56 40
5 63 40
78 79 40
53 6 40
69 30 40
78 79 40
67 67 40
70 84 40
53 6 40
67 67 40
94 10 40
29 36 40
70 84 40
94 10 40
96 59 40
52 35 40
29 36 40
96 59 40
78 98 40
37 77 40
52 35 40
78 98 40
49 94 40
86 34 40
37 77 40
49 94 40
58 61 40
15 37 40
86 34 40
58 61 40
1 93 40
32 77 40
15 37 40
1 93 40
88 14 40
46 50 40
32 77 40
88 14 40
48 93 40
53 93 40
46 50 40
48 93 40
2 44 40
15 68 40
53 93 40
2 44 40
55 87 40
36 22 40
15 68 40
55 87 40
22 89 40
4 37 40
36 22 40
22 89 40
0 15 40
11 3 40
4 37 40
0 15 40
28 73 40
47 76 40
11 3 40
28 73 40
37 0 40
91 57 40
47 76 40
37 0 40
24 34 40
11 53 40
91 57 40
24 34 40
62 66 40
61 84 40
11 53 40
62 66 40
81 34 40
95 54 40
61 84 40
81 34 40
94 37 40
2 55 40
95 54 40
94 37 40
38 31 40
88 32 40
2 55 40
38 31 40
4 50 40
7 20 40
88 32 40
4 50 40
87 13 40
91 6 40
7 20 40
87 13 40
41 39 40
45 51 40
91 6 40
41 39 40
0 4 40
60 68 40
45 51 40
0 4 40
28 61 40
64 64 40
60 68 40
28 61 40
25 44 40
26 3 40
64 64 40
25 44 40
39 55 40
58 95 40
26 3 40
39 55 40
62 9 40
100 43 40
58 95 40
62 9 40
37 56 40
16 72 40
100 43 40
37 56 40
15 12 40
31 64 40
16 72 40
15 12 40
51 47 40
22 15 40
31 64 40
51 47 40
86 73 40
86 77 40
22 15 40
86 73 40
60 36 40
44 48 40
86 77 40
60 36 40
50 33 40
79 10 40
44 48 40
50 33 40
54 14 40
50 2 40
79 10 40
54 14 40
22 53 40
89 83 40
50 2 40
22 53 40
42 56 40
51 54 40
89 83 40
42 56 40
31 35 40
84 33 40
51 54 40
31 35 40
34 20 40
59 89 40
84 33 40
34 20 40
82 93 40
12 21 40
59 89 40
82 93 40
55 68 40
14 46 40
12 21 40
55 68 40
34 48 40
5 82 40
14 46 40
34 48 40
66 9 40
76 58 40
5 82 40
66 9 40
4 6 40
61 88 40
76 58 40
4 6 40
57 83 40
57 5 40
61 88 40
57 83 40
76 33 40
12 13 40
57 5 40
76 33 40
3 51 40
61 46 40
12 13 40
3 51 40
60 100 40
27 22 40
61 46 40
60 100 40
3 22 40
63 71 40
27 22 40
3 22 40
50 52 40
86 59 40
63 71 40
50 52 40
6 62 40
3 91 40
86 59 40
6 62 40
11 42 40
85 81 40
3 91 40
11 42 40
50 25 40
21 79 40
85 81 40
50 25 40
62 63 40
86 23 40
21 79 40
62 63 40
67 82 40
5 81 40
86 23 40
67 82 40
36 30 40
46 0 40
5 81 40
36 30 40
65 59 40
16 96 40
46 0 40
65 59 40
21 68 40
92 68 40
16 96 40
21 68 40
84 58 40
28 100 40
92 68 40
84 58 40
60 32 40
28 91 40
28 100 40
60 32 40
25 0 40
71 44 40
28 91 40
25 0 40
35 31 40
89 100 40
71 44 40
35 31 40
29 45 40
41 25 40
89 100 40
29 45 40
12 59 40
9 62 40
41 25 40
12 59 40
90 47 40
12 4 40
9 62 40
90 47 40
87 84 40
96 6 40
12 4 40
87 84 40
6 94 40
51 70 40
96 6 40
6 94 40
32 81 40
74 63 40
51 70 40
32 81 40
98 8 40
4 96 40
74 63 40
98 8 40
79 61 40
37 16 40
4 96 40
79 61 40
61 87 40
7 81 40
37 16 40
61 87 40
48 72 40
41 9 40
7 81 40
48 72 40
50 20 40
61 74 40
41 9 40
50 20 40
76 58 40
5 63 40
61 74 40
76 58 40
99 34 40
78 79 40
5 63 40
99 34 40
57 22 40
67 67 40
78 79 40
57 22 40
61 55 40
94 10 40
67 67 40
61 55 40
93 67 40
96 59 40
94 10 40
93 67 40
28 33 40
78 98 40
96 59 40
28 33 40
53 24 40
49 94 40
78 98 40
53 24 40
92 99 40
58 61 40
49 94 40
92 99 40
45 16 40
1 93 40
58 61 40
45 16 40
24 95 40
88 14 40
1 93 40
24 95 40
99 97 40
48 93 40
88 14 40
99 97 40
79 43 40
2 44 40
48 93 40
79 43 40
92 52 40
55 87 40
2 44 40
92 52 40
74 34 40
22 89 40
55 87 40
74 34 40
26 76 40
0 15 40
22 89 40
26 76 40
77 31 40
28 73 40
0 15 40
77 31 40
19 74 40
37 0 40
28 73 40
19 74 40
79 9 40
24 34 40
37 0 40
79 9 40
48 53 40
62 66 40
24 34 40
48 53 40
31 13 40
81 34 40
62 66 40
31 13 40
75 47 40
94 37 40
81 34 40
75 47 40
27 87 40
38 31 40
94 37 40
27 87 40
11 51 40
4 50 40
38 31 40
11 51 40
91 32 40
87 13 40
4 50 40
91 32 40
71 59 40
41 39 40
87 13 40
71 59 40
15 26 40
0 4 40
41 39 40
15 26 40
54 59 40
28 61 40
0 4 40
54 59 40
16 82 40
25 44 40
28 61 40
16 82 40
58 83 40
39 55 40
25 44 40
58 83 40
14 80 40
62 9 40
39 55 40
14 80 40
79 30 40
37 56 40
62 9 40
79 30 40
17 42 40
15 12 40
37 56 40
17 42 40
82 28 40
51 47 40
15 12 40
82 28 40
34 81 40
86 73 40
51 47 40
34 81 40
96 75 40
60 36 40
86 73 40
96 75 40
2 25 40
50 33 40
60 36 40
2 25 40
53 58 40
54 14 40
50 33 40
53 58 40
34 47 40
22 53 40
54 14 40
34 47 40
92 50 40
42 56 40
22 53 40
92 50 40
22 16 40
31 35 40
42 56 40
22 16 40
79 12 40
34 20 40
31 35 40
79 12 40
82 81 40
82 93 40
34 20 40
82 81 40
12 96 40
55 68 40
82 93 40
12 96 40
34 48 40
55 68 40
66 9 40
34 48 40
4 6 40
66 9 40
57 83 40
4 6 40
76 33 40
57 83 40
3 51 40
76 33 40
60 100 40
3 51 40
3 22 40
60 100 40
50 52 40
3 22 40
6 62 40
50 52 40
11 42 40
6 62 40
50 25 40
11 42 40
62 63 40
50 25 40
67 82 40
62 63 40
36 30 40
67 82 40
65 59 40
36 30 40
21 68 40
65 59 40
84 58 40
21 68 40
60 32 40
84 58 40
25 0 40
60 32 40
35 31 40
25 0 40
29 45 40
35 31 40
12 59 40
29 45 40
90 47 40
12 59 40
87 84 40
90 47 40
6 94 40
87 84 40
32 81 40
6 94 40
98 8 40
32 81 40
79 61 40
98 8 40
61 87 40
79 61 40
48 72 40
61 87 40
50 20 40
48 72 40
76 58 40
50 20 40
99 34 40
76 58 40
57 22 40
99 34 40
61 55 40
57 22 40
93 67 40
61 55 40
28 33 40
93 67 40
53 24 40
28 33 40
92 99 40
53 24 40
45 16 40
92 99 40
24 95 40
45 16 40
99 97 40
24 95 40
79 43 40
99 97 40
92 52 40
79 43 40
74 34 40
92 52 40
26 76 40
74 34 40
77 31 40
26 76 40
19 74 40
77 31 40
79 9 40
19 74 40
48 53 40
79 9 40
31 13 40
48 53 40
75 47 40
31 13 40
27 87 40
75 47 40
11 51 40
27 87 40
91 32 40
11 51 40
71 59 40
91 32 40
15 26 40
71 59 40
54 59 40
15 26 40
16 82 40
54 59 40
58 83 40
16 82 40
14 80 40
58 83 40
79 30 40
14 80 40
17 42 40
79 30 40
82 28 40
17 42 40
34 81 40
82 28 40
96 75 40
34 81 40
2 25 40
96 75 40
53 58 40
2 25 40
34 47 40
53 58 40
92 50 40
34 47 40
22 16 40
92 50 40
79 12 40
22 16 40
82 81 40
79 12 40
12 96 40
82 81 40
12 96 40
