46 69 3
67 24 3
76 51 3
51 61 3
22 74 3
89 52 3
96 50 3
0 1 3
83 53 3
29 29 3
96 97 3
88 40 3
29 18 3
72 16 3
91 2 3
95 44 3
48 6 3
25 29 3
91 23 3
10 24 3
73 76 3
96 9 3
71 84 3
21 2 3
97 50 3
80 15 3
15 92 3
71 84 3
98 76 3
0 15 3
34 58 3
97 94 3
23 87 3
97 47 3
75 87 3
62 94 3
83 30 3
24 31 3
5 72 3
14 44 3
92 12 3
75 25 3
32 75 3
38 3 3
54 59 3
47 22 3
21 75 3
24 79 3
32 26 3
28 33 3
82 59 3
48 26 3
96 5 3
53 90 3
51 89 3
69 91 3
18 81 3
30 16 3
100 42 3
7 8 3
37 53 3
61 89 3
93 70 3
53 51 3
78 40 3
95 91 3
46 46 3
53 57 3
99 88 3
98 23 3
72 73 3
42 22 3
11 74 3
48 6 3
1 8 3
44 32 3
78 16 3
50 100 3
24 31 3
30 44 3
86 36 3
73 89 3
91 39 3
33 94 3
41 50 3
59 91 3
17 10 3
26 95 3
45 2 3
10 90 3
23 62 3
43 34 3
31 24 3
15 0 3
1 44 3
4 77 3
31 1 3
70 92 3
2 39 3
51 24 3
37 69 3
78 68 3
28 11 3
93 6 3
51 19 3
27 36 3
37 74 3
40 18 3
25 8 3
22 56 3
62 2 3
9 17 3
71 22 3
90 63 3
47 97 3
29 62 3
45 94 3
43 0 3
64 25 3
41 43 3
27 54 3
64 35 3
97 80 3
7 72 3
54 24 3
25 69 3
95 86 3
79 70 3
51 31 3
27 86 3
95 56 3
69 26 3
88 85 3
88 40 3
53 73 3
62 41 3
20 47 3
75 22 3
72 69 3
70 65 3
56 51 3
12 32 3
58 61 3
6 19 3
77 23 3
38 31 3
41 15 3
52 1 3
91 87 3
18 14 3
70 38 3
46 47 3
6 79 3
79 6 3
59 4 3
74 26 3
56 9 3
65 7 3
1 38 3
46 27 3
2 41 3
73 20 3
21 55 3
52 71 3
56 82 3
97 70 3
45 5 3
99 89 3
48 94 3
68 24 3
3 80 3
70 42 3
98 7 3
39 3 3
56 23 3
91 68 3
43 100 3
59 73 3
61 71 3
29 53 3
40 77 3
15 73 3
62 79 3
63 100 3
81 26 3
26 53 3
94 27 3
80 30 3
95 16 3
25 54 3
83 77 3
56 90 3
7 50 3
20 60 3
26 51 3
17 46 3
13 68 3
71 7 3
55 50 3
45 10 3
19 73 3
94 32 3
51 11 3
22 90 3
76 1 3
6 61 3
29 38 3
25 98 3
30 12 3
56 4 3
48 11 3
42 100 3
15 93 3
9 69 3
4 3 3
34 6 3
31 65 3
6 73 3
54 90 3
96 70 3
78 85 3
40 77 3
76 62 3
6 21 3
59 63 3
98 70 3
34 86 3
13 57 3
78 61 3
31 1 3
9 72 3
95 66 3
14 90 3
77 95 3
69 81 3
43 90 3
61 2 3
94 96 3
66 63 3
22 99 3
53 95 3
64 45 3
90 90 3
74 65 3
55 28 3
74 33 3
37 48 3
5 85 3
23 22 3
42 53 3
46 72 3
50 64 3
36 44 3
60 83 3
59 44 3
89 78 3
5 70 3
69 84 3
34 56 3
66 72 3
3 82 3
94 78 3
59 38 3
100 25 3
85 74 3
72 21 3
31 65 3
34 45 3
50 96 3
15 36 3
72 79 3
9 90 3
31 23 3
78 38 3
20 27 3
17 20 3
8 63 3
39 29 3
22 72 3
96 83 3
70 40 3
27 39 3
14 2 3
83 61 3
52 57 3
89 73 3
29 46 3
10 46 3
42 92 3
75 39 3
43 32 3
68 27 3
0 41 3
94 2 3
15 42 3
35 70 3
8 21 3
40 46 3
54 70 3
31 82 3
45 23 3
90 22 3
28 77 3
35 26 3
29 41 3
83 43 3
60 26 3
84 38 3
47 61 3
3 44 3
68 61 3
27 98 3
92 9 3
42 36 3
15 30 3
80 3 3
15 75 3
8 97 3
49 63 3
15 4 3
68 39 3
37 18 3
79 90 3
18 56 3
69 67 3
39 81 3
55 46 3
22 25 3
44 73 3
79 10 3
97 40 3
2 82 3
7 7 3
96 84 3
9 72 3
77 46 3
3 73 3
47 58 3
4 37 3
57 52 3
38 66 3
99 29 3
50 88 3
23 92 3
99 71 3
30 13 3
31 11 3
17 11 3
77 7 3
3 86 3
56 87 3
51 80 3
88 43 3
37 66 3
49 33 3
80 52 3
39 7 3
48 23 3
64 85 3
74 95 3
11 14 3
3 74 3
17 74 3
59 53 3
39 64 3
58 34 3
11 0 3
92 62 3
69 71 3
29 25 3
85 6 3
39 76 3
17 85 3
94 33 3
12 62 3
70 81 3
9 69 3
71 46 3
80 42 3
34 94 3
23 39 3
71 46 3
7 52 3
66 29 3
50 92 3
50 59 3
12 70 3
71 10 3
31 52 3
22 62 3
60 76 3
79 81 3
46 3 3
84 32 3
95 72 3
36 50 3
12 10 3
68 85 3
52 89 3
80 80 3
99 4 3
19 30 3
59 80 3
89 51 3
67 36 3
19 13 3
45 9 3
60 25 3
7 69 3
74 4 3
44 18 3
56 41 3
27 18 3
19 58 3
86 73 3
29 37 3
11 44 3
3 79 3
78 79 3
26 26 3
85 81 3
39 99 3
59 19 3
39 17 3
75 4 3
92 77 3
40 64 3
42 79 3
24 58 3
4 91 3
19 10 3
53 84 3
33 93 3
23 56 3
42 56 3
86 2 3
78 30 3
54 1 3
0 73 3
85 42 8
54 97 8
85 42 8
54 97 8
85 42 8
79 99 8
85 42 8
54 97 8
79 99 8
54 97 8
10 15 8
54 97 8
79 99 8
10 15 8
79 99 8
47 35 8
79 99 8
10 15 8
47 35 8
10 15 8
66 64 8
10 15 8
47 35 8
66 64 8
47 35 8
60 100 8
47 35 8
66 64 8
60 100 8
66 64 8
23 39 8
66 64 8
60 100 8
23 39 8
60 100 8
29 12 8
60 100 8
23 39 8
29 12 8
23 39 8
51 34 8
23 39 8
29 12 8
51 34 8
29 12 8
38 91 8
29 12 8
51 34 8
38 91 8
51 34 8
9 47 8
51 34 8
38 91 8
9 47 8
38 91 8
67 14 8
38 91 8
9 47 8
67 14 8
9 47 8
38 36 8
9 47 8
67 14 8
38 36 8
67 14 8
47 27 8
67 14 8
38 36 8
47 27 8
38 36 8
41 96 8
38 36 8
47 27 8
41 96 8
47 27 8
6 42 8
47 27 8
41 96 8
6 42 8
41 96 8
13 93 8
41 96 8
6 42 8
13 93 8
6 42 8
80 21 8
6 42 8
13 93 8
80 21 8
13 93 8
70 38 8
13 93 8
80 21 8
70 38 8
80 21 8
11 93 8
80 21 8
70 38 8
11 93 8
70 38 8
66 46 8
70 38 8
11 93 8
66 46 8
11 93 8
57 13 8
11 93 8
66 46 8
57 13 8
66 46 8
68 70 8
66 46 8
57 13 8
68 70 8
57 13 8
6 23 8
57 13 8
68 70 8
6 23 8
68 70 8
39 6 8
68 70 8
6 23 8
39 6 8
6 23 8
11 64 8
6 23 8
39 6 8
11 64 8
39 6 8
73 80 8
39 6 8
11 64 8
73 80 8
11 64 8
39 16 8
11 64 8
73 80 8
39 16 8
73 80 8
40 56 8
73 80 8
39 16 8
40 56 8
39 16 8
79 86 8
39 16 8
40 56 8
79 86 8
40 56 8
68 76 8
40 56 8
79 86 8
68 76 8
79 86 8
95 6 8
79 86 8
68 76 8
95 6 8
68 76 8
24 34 8
68 76 8
95 6 8
24 34 8
95 6 28
87 61 28
95 6 28
24 34 28
72 65 28
24 34 28
87 61 28
79 10 28
87 61 28
72 65 28
86 90 28
72 65 28
79 10 28
41 47 28
79 10 28
86 90 28
33 47 28
86 90 28
41 47 28
35 2 28
41 47 28
33 47 28
11 73 28
33 47 28
35 2 28
77 89 28
35 2 28
11 73 28
14 67 28
11 73 28
77 89 28
89 15 28
77 89 28
14 67 28
16 25 28
14 67 28
89 15 28
43 33 28
89 15 28
16 25 28
68 12 28
16 25 28
43 33 28
22 76 28
43 33 28
68 12 28
12 64 28
68 12 28
22 76 28
40 92 28
22 76 28
12 64 28
72 60 28
12 64 28
40 92 28
16 51 28
40 92 28
72 60 28
97 47 28
72 60 28
16 51 28
36 82 28
16 51 28
97 47 28
17 62 28
97 47 28
36 82 28
11 65 28
36 82 28
17 62 28
36 3 28
17 62 28
11 65 28
92 0 28
11 65 28
36 3 28
12 93 28
36 3 28
92 0 28
7 20 28
92 0 28
12 93 28
47 94 28
12 93 28
7 20 28
59 42 28
7 20 28
47 94 28
22 96 28
47 94 28
59 42 28
94 21 28
59 42 28
22 96 28
95 49 28
22 96 28
94 21 28
29 33 28
94 21 28
95 49 28
90 49 28
95 49 28
29 33 28
9 55 28
29 33 28
90 49 28
68 37 28
90 49 28
9 55 28
40 46 28
9 55 28
68 37 28
29 39 28
68 37 28
40 46 28
56 17 28
40 46 28
29 39 28
83 82 28
29 39 28
56 17 28
89 27 28
56 17 28
83 82 28
55 61 28
83 82 28
89 27 28
92 71 28
89 27 28
55 61 28
53 98 28
55 61 28
92 71 28
94 37 28
92 71 28
53 98 28
78 4 28
53 98 28
94 37 28
94 99 28
94 37 28
78 4 28
47 79 28
78 4 28
94 99 28
4 99 28
94 99 28
47 79 28
71 33 28
47 79 28
4 99 28
91 58 28
4 99 28
71 33 28
76 4 28
71 33 28
91 58 28
59 66 28
91 58 28
76 4 28
11 97 28
76 4 28
59 66 28
53 12 28
59 66 28
11 97 28
76 90 28
11 97 28
53 12 28
41 9 28
53 12 28
76 90 28
29 95 28
76 90 28
41 9 28
6 63 28
41 9 28
29 95 28
51 86 28
29 95 28
6 63 28
59 27 28
6 63 28
51 86 28
2 51 28
51 86 28
59 27 28
51 86 28
59 27 28
2 51 28
23 9 28
2 51 28
51 86 28
44 68 28
51 86 28
23 9 28
13 47 28
23 9 28
44 68 28
12 50 28
44 68 28
13 47 28
46 98 28
13 47 28
12 50 28
61 25 28
12 50 28
46 98 28
49 65 28
46 98 28
61 25 28
7 6 28
61 25 28
49 65 28
30 50 28
49 65 28
7 6 28
55 12 28
7 6 28
30 50 28
63 89 28
30 50 28
55 12 28
22 81 28
55 12 28
63 89 28
97 30 28
63 89 28
22 81 28
11 91 28
22 81 28
97 30 28
66 7 28
97 30 28
11 91 28
0 60 28
11 91 28
66 7 28
2 24 28
66 7 28
0 60 28
41 100 28
0 60 28
2 24 28
69 76 28
2 24 28
41 100 28
18 39 28
41 100 28
69 76 28
55 59 28
69 76 28
18 39 28
43 60 28
18 39 28
55 59 28
70 59 28
55 59 28
43 60 28
37 35 28
43 60 28
70 59 28
24 55 28
70 59 28
37 35 28
13 65 28
37 35 28
24 55 28
26 7 28
24 55 28
13 65 28
98 33 28
13 65 28
26 7 28
98 56 28
26 7 28
98 33 28
61 46 28
98 33 28
98 56 28
41 50 28
98 56 28
61 46 28
89 33 28
61 46 28
41 50 28
64 31 28
41 50 28
89 33 28
55 49 28
89 33 28
64 31 28
69 41 28
64 31 28
55 49 28
6 83 28
55 49 28
69 41 28
12 89 28
69 41 28
6 83 28
54 11 28
6 83 28
12 89 28
48 26 28
12 89 28
54 11 28
63 90 28
54 11 28
48 26 28
15 49 28
48 26 28
63 90 28
25 67 28
63 90 28
15 49 28
9 75 28
15 49 28
25 67 28
43 46 28
25 67 28
9 75 28
37 27 28
9 75 28
43 46 28
34 88 28
43 46 28
37 27 28
44 9 28
37 27 28
34 88 28
59 27 28
34 88 28
44 9 28
66 46 28
44 9 28
59 27 28
18 40 28
59 27 28
66 46 28
87 19 28
66 46 28
18 40 28
6 24 28
18 40 28
87 19 28
23 74 28
87 19 28
6 24 28
41 98 28
6 24 28
23 74 28
37 32 28
23 74 28
41 98 28
58 36 28
41 98 28
37 32 28
37 4 28
37 32 28
58 36 28
31 69 28
58 36 28
37 4 28
94 29 28
37 4 28
31 69 28
41 99 28
31 69 28
94 29 28
69 42 28
94 29 28
41 99 28
92 18 28
41 99 28
69 42 28
54 0 28
69 42 28
92 18 28
67 42 28
92 18 28
54 0 28
53 15 28
54 0 28
67 42 28
77 70 28
67 42 28
53 15 28
91 15 28
53 15 28
77 70 28
52 69 28
77 70 28
91 15 28
75 41 28
91 15 28
52 69 28
63 9 28
52 69 28
75 41 28
71 95 28
75 41 28
63 9 28
64 11 28
63 9 28
71 95 28
54 68 28
71 95 28
64 11 28
51 59 28
64 11 28
54 68 28
68 63 28
54 68 28
51 59 28
1 31 28
51 59 28
68 63 28
20 69 28
68 63 28
1 31 28
30 64 28
1 31 28
20 69 28
82 55 28
20 69 28
30 64 28
55 12 28
30 64 28
82 55 28
44 36 28
82 55 28
55 12 28
21 84 28
55 12 28
44 36 28
12 49 28
44 36 28
21 84 28
12 57 28
21 84 28
12 49 28
78 73 28
12 49 28
12 57 28
45 1 28
12 57 28
78 73 28
88 74 28
78 73 28
45 1 28
47 11 28
45 1 28
88 74 28
48 49 28
88 74 28
47 11 28
26 68 28
47 11 28
48 49 28
39 90 28
48 49 28
26 68 28
33 36 28
26 68 28
39 90 28
81 99 28
39 90 28
33 36 28
6 43 28
33 36 28
81 99 28
97 2 28
81 99 28
6 43 28
82 82 28
6 43 28
97 2 28
28 38 28
97 2 28
82 82 28
13 95 28
82 82 28
28 38 28
36 6 28
28 38 28
13 95 28
21 26 28
13 95 28
36 6 28
40 5 28
36 6 28
21 26 28
40 37 28
21 26 28
40 5 28
15 92 28
40 5 28
40 37 28
80 59 28
40 37 28
15 92 28
69 0 28
15 92 28
80 59 28
69 10 28
80 59 28
69 0 28
64 93 28
69 0 28
69 10 28
9 92 28
69 10 28
64 93 28
30 41 28
64 93 28
9 92 28
7 87 28
9 92 28
30 41 28
9 94 28
30 41 28
7 87 28
90 4 28
7 87 28
9 94 28
67 47 28
9 94 28
90 4 28
45 84 28
90 4 28
67 47 28
17 25 28
67 47 28
45 84 28
19 61 28
45 84 28
17 25 28
98 20 28
17 25 28
19 61 28
68 80 28
19 61 28
98 20 28
67 39 28
98 20 28
68 80 28
64 87 28
68 80 28
67 39 28
0 11 28
67 39 28
64 87 28
97 31 28
64 87 28
0 11 28
1 70 28
0 11 28
97 31 28
96 34 28
97 31 28
1 70 28
41 77 28
1 70 28
96 34 28
8 18 28
96 34 28
41 77 28
27 99 28
41 77 28
8 18 28
87 63 28
8 18 28
27 99 28
95 12 28
27 99 28
87 63 28
52 83 28
87 63 28
95 12 28
35 12 28
95 12 28
52 83 28
69 42 28
52 83 28
35 12 28
60 95 28
35 12 28
69 42 28
8 92 28
69 42 28
60 95 28
12 66 28
60 95 28
8 92 28
46 7 28
8 92 28
12 66 28
51 84 28
12 66 28
46 7 28
78 42 28
46 7 28
51 84 28
69 30 28
51 84 28
78 42 28
49 1 28
78 42 28
69 30 28
100 81 28
69 30 28
49 1 28
27 44 28
49 1 28
100 81 28
53 14 28
100 81 28
27 44 28
86 48 28
27 44 28
53 14 28
80 9 28
53 14 28
86 48 28
30 8 28
86 48 28
80 9 28
29 32 28
80 9 28
30 8 28
22 20 28
30 8 28
29 32 28
13 71 28
29 32 28
22 20 28
80 30 28
22 20 28
13 71 28
81 72 28
13 71 28
80 30 28
77 3 28
80 30 28
81 72 28
75 14 28
81 72 28
77 3 28
18 74 28
77 3 28
75 14 28
98 7 28
75 14 28
18 74 28
47 46 28
18 74 28
98 7 28
29 76 28
98 7 28
47 46 28
40 48 28
47 46 28
29 76 28
74 99 28
29 76 28
40 48 28
5 94 28
40 48 28
74 99 28
39 4 28
74 99 28
5 94 28
11 63 28
5 94 28
39 4 28
6 78 28
39 4 28
11 63 28
90 92 28
11 63 28
6 78 28
94 71 28
6 78 28
90 92 28
75 38 28
90 92 28
94 71 28
21 94 28
94 71 28
75 38 28
38 65 28
75 38 28
21 94 28
56 41 28
21 94 28
38 65 28
41 76 28
38 65 28
56 41 28
91 87 28
56 41 28
41 76 28
58 82 28
41 76 28
91 87 28
66 46 28
91 87 28
58 82 28
90 75 28
58 82 28
66 46 28
29 28 28
66 46 28
90 75 28
92 17 28
90 75 28
29 28 28
54 93 28
29 28 28
92 17 28
23 11 28
92 17 28
54 93 28
6 33 28
54 93 28
23 11 28
1 75 28
23 11 28
6 33 28
9 33 28
6 33 28
1 75 28
27 3 28
1 75 28
9 33 28
58 83 28
9 33 28
27 3 28
92 26 28
27 3 28
58 83 28
56 38 28
58 83 28
92 26 28
46 9 28
92 26 28
56 38 28
0 97 28
56 38 28
46 9 28
22 7 28
46 9 28
0 97 28
37 43 28
0 97 28
22 7 28
32 28 28
22 7 28
37 43 28
45 50 28
37 43 28
32 28 28
20 36 28
32 28 28
45 50 28
83 64 28
45 50 28
20 36 28
32 11 28
20 36 28
83 64 28
90 91 28
83 64 28
32 11 28
57 44 28
32 11 28
90 91 28
3 53 28
90 91 28
57 44 28
10 39 28
57 44 28
3 53 28
56 30 28
3 53 28
10 39 28
12 57 28
10 39 28
56 30 28
88 73 28
56 30 28
12 57 28
40 50 28
12 57 28
88 73 28
98 94 28
88 73 28
40 50 28
57 1 28
40 50 28
98 94 28
58 10 28
98 94 28
57 1 28
21 0 28
57 1 28
58 10 28
86 45 28
58 10 28
21 0 28
17 54 28
21 0 28
86 45 28
50 92 28
86 45 28
17 54 28
13 41 28
17 54 28
50 92 28
21 73 28
50 92 28
13 41 28
19 39 28
13 41 28
21 73 28
78 4 28
21 73 28
19 39 28
16 35 28
19 39 28
78 4 28
45 65 28
78 4 28
16 35 28
100 5 28
16 35 28
45 65 28
55 65 28
45 65 28
100 5 28
84 7 28
100 5 28
55 65 28
58 27 28
55 65 28
84 7 28
30 27 28
84 7 28
58 27 28
9 72 28
58 27 28
30 27 28
28 6 28
30 27 28
9 72 28
40 73 28
9 72 28
28 6 28
97 24 28
28 6 28
40 73 28
40 22 28
40 73 28
97 24 28
66 88 28
97 24 28
40 22 28
56 75 28
40 22 28
66 88 28
15 20 28
66 88 28
56 75 28
0 76 28
56 75 28
15 20 28
37 42 28
15 20 28
0 76 28
94 37 28
0 76 28
37 42 28
84 26 28
37 42 28
94 37 28
70 53 28
94 37 28
84 26 28
40 0 28
84 26 28
70 53 28
8 21 28
70 53 28
40 0 28
79 80 28
40 0 28
8 21 28
37 0 28
8 21 28
79 80 28
35 35 28
79 80 28
37 0 28
5 66 28
37 0 28
35 35 28
67 68 28
35 35 28
5 66 28
16 100 28
5 66 28
67 68 28
93 72 28
67 68 28
16 100 28
65 70 28
16 100 28
93 72 28
33 49 28
93 72 28
65 70 28
27 95 28
65 70 28
33 49 28
45 50 28
33 49 28
27 95 28
92 49 28
27 95 28
45 50 28
43 45 28
45 50 28
92 49 28
39 9 28
92 49 28
43 45 28
7 66 28
43 45 28
39 9 28
26 96 28
39 9 28
7 66 28
97 39 28
7 66 28
26 96 28
35 17 28
26 96 28
97 39 28
16 100 28
97 39 28
35 17 28
83 95 28
35 17 28
16 100 28
69 53 28
16 100 28
83 95 28
14 41 28
83 95 28
69 53 28
29 54 28
69 53 28
14 41 28
95 8 28
14 41 28
29 54 28
72 51 28
29 54 28
95 8 28
82 42 28
95 8 28
72 51 28
57 11 28
72 51 28
82 42 28
3 61 28
82 42 28
57 11 28
90 0 28
57 11 28
3 61 28
43 28 28
3 61 28
90 0 28
74 61 28
90 0 28
43 28 28
75 62 28
43 28 28
74 61 28
75 76 28
74 61 28
75 62 28
0 97 28
75 62 28
75 76 28
63 78 28
75 76 28
0 97 28
9 16 28
0 97 28
63 78 28
85 100 28
63 78 28
9 16 28
51 45 28
9 16 28
85 100 28
41 14 28
85 100 28
51 45 28
63 30 28
51 45 28
41 14 28
36 27 28
41 14 28
63 30 28
70 100 28
63 30 28
36 27 28
93 14 28
36 27 28
70 100 28
10 59 28
70 100 28
93 14 28
98 21 28
93 14 28
10 59 28
75 31 28
10 59 28
98 21 28
56 14 28
98 21 28
75 31 28
71 15 28
75 31 28
56 14 28
81 48 28
56 14 28
71 15 28
95 55 28
71 15 28
81 48 28
5 22 28
81 48 28
95 55 28
96 96 28
95 55 28
5 22 28
38 19 28
5 22 28
96 96 28
69 30 28
96 96 28
38 19 28
79 55 28
38 19 28
69 30 28
17 66 28
69 30 28
79 55 28
54 76 28
79 55 28
17 66 28
58 52 28
17 66 28
54 76 28
4 32 28
54 76 28
58 52 28
43 70 28
58 52 28
4 32 28
11 59 28
4 32 28
43 70 28
12 64 28
43 70 28
11 59 28
87 38 28
11 59 28
12 64 28
41 99 28
12 64 28
87 38 28
35 86 28
87 38 28
41 99 28
82 60 28
41 99 28
35 86 28
80 39 28
35 86 28
82 60 28
49 37 28
82 60 28
80 39 28
70 47 28
80 39 28
49 37 28
1 73 28
49 37 28
70 47 28
0 5 28
70 47 28
1 73 28
54 42 28
1 73 28
0 5 28
100 4 28
0 5 28
54 42 28
5 18 28
54 42 28
100 4 28
44 24 28
100 4 28
5 18 28
9 37 28
5 18 28
44 24 28
81 86 28
44 24 28
9 37 28
13 25 28
9 37 28
81 86 28
18 3 28
81 86 28
13 25 28
45 76 28
13 25 28
18 3 28
68 53 28
18 3 28
45 76 28
20 74 28
45 76 28
68 53 28
26 35 28
68 53 28
20 74 28
32 23 28
20 74 28
26 35 28
75 20 28
26 35 28
32 23 28
30 100 28
32 23 28
75 20 28
58 88 28
75 20 28
30 100 28
67 44 28
30 100 28
58 88 28
72 0 28
58 88 28
67 44 28
53 78 28
67 44 28
72 0 28
36 25 28
72 0 28
53 78 28
65 43 28
53 78 28
36 25 28
49 0 28
36 25 28
65 43 28
8 2 28
65 43 28
49 0 28
43 67 28
49 0 28
8 2 28
74 90 28
8 2 28
43 67 28
67 74 28
43 67 28
74 90 28
62 82 28
74 90 28
67 74 28
16 24 28
67 74 28
62 82 28
46 76 28
62 82 28
16 24 28
1 93 28
16 24 28
46 76 28
1 2 28
46 76 28
1 93 28
56 35 28
1 93 28
1 2 28
41 6 28
1 2 28
56 35 28
3 4 28
56 35 28
41 6 28
88 79 28
41 6 28
3 4 28
21 9 28
3 4 28
88 79 28
42 79 28
88 79 28
21 9 28
11 42 28
21 9 28
42 79 28
93 68 28
42 79 28
11 42 28
28 2 28
11 42 28
93 68 28
62 63 28
93 68 28
28 2 28
26 95 28
28 2 28
62 63 28
4 70 28
62 63 28
26 95 28
54 29 28
26 95 28
4 70 28
16 34 28
4 70 28
54 29 28
81 74 28
54 29 28
16 34 28
94 83 28
16 34 28
81 74 28
25 19 28
81 74 28
94 83 28
57 45 28
94 83 28
25 19 28
35 48 28
25 19 28
57 45 28
41 71 28
57 45 28
35 48 28
42 87 28
35 48 28
41 71 28
11 98 28
41 71 28
42 87 28
97 84 28
42 87 28
11 98 28
82 26 28
11 98 28
97 84 28
86 42 28
97 84 28
82 26 28
18 89 28
82 26 28
86 42 28
76 6 28
86 42 28
18 89 28
43 92 28
18 89 28
76 6 28
90 31 28
76 6 28
43 92 28
3 2 28
43 92 28
90 31 28
90 99 28
90 31 28
3 2 28
98 3 28
3 2 28
90 99 28
52 65 28
90 99 28
98 3 28
91 20 28
98 3 28
52 65 28
48 86 28
52 65 28
91 20 28
78 47 28
91 20 28
48 86 28
7 21 28
48 86 28
78 47 28
85 7 28
78 47 28
7 21 28
80 27 28
7 21 28
85 7 28
50 100 28
85 7 28
80 27 28
72 94 28
80 27 28
50 100 28
52 89 28
50 100 28
72 94 28
94 94 28
72 94 28
52 89 28
84 70 28
52 89 28
94 94 28
48 62 28
94 94 28
84 70 28
47 4 28
84 70 28
48 62 28
71 41 28
48 62 28
47 4 28
17 3 28
47 4 28
71 41 28
19 97 28
71 41 28
17 3 28
13 8 28
17 3 28
19 97 28
13 46 28
19 97 28
13 8 28
0 89 28
13 8 28
13 46 28
46 24 28
13 46 28
0 89 28
30 11 28
0 89 28
46 24 28
63 1 28
46 24 28
30 11 28
95 72 28
30 11 28
63 1 28
95 1 28
63 1 28
95 72 28
27 80 28
95 72 28
95 1 28
54 33 28
95 1 28
27 80 28
74 5 28
27 80 28
54 33 28
7 82 28
54 33 28
74 5 28
65 14 28
74 5 28
7 82 28
24 8 28
7 82 28
65 14 28
74 71 28
65 14 28
24 8 28
37 0 28
24 8 28
74 71 28
37 96 28
74 71 28
37 0 28
87 1 28
37 0 28
37 96 28
50 46 28
37 96 28
87 1 28
54 57 28
87 1 28
50 46 28
77 76 28
50 46 28
54 57 28
94 23 28
54 57 28
77 76 28
30 53 28
77 76 28
94 23 28
84 17 28
94 23 28
30 53 28
90 42 28
30 53 28
84 17 28
6 44 28
84 17 28
90 42 28
66 6 28
90 42 28
6 44 28
37 57 28
6 44 28
66 6 28
87 95 28
66 6 28
37 57 28
45 18 28
37 57 28
87 95 28
87 73 28
87 95 28
45 18 28
13 69 28
45 18 28
87 73 28
8 24 28
87 73 28
13 69 28
62 53 28
13 69 28
8 24 28
18 30 28
8 24 28
62 53 28
90 92 28
62 53 28
18 30 28
40 88 28
18 30 28
90 92 28
37 98 28
90 92 28
40 88 28
1 49 28
40 88 28
37 98 28
7 36 28
37 98 28
1 49 28
49 11 28
1 49 28
7 36 28
96 42 28
7 36 28
49 11 28
96 81 28
49 11 28
96 42 28
83 34 28
96 42 28
96 81 28
85 43 28
96 81 28
83 34 28
90 89 28
83 34 28
85 43 28
87 69 28
85 43 28
90 89 28
89 91 28
90 89 28
87 69 28
73 58 28
87 69 28
89 91 28
55 88 28
89 91 28
73 58 28
11 94 28
73 58 28
55 88 28
34 50 28
55 88 28
11 94 28
24 31 28
11 94 28
34 50 28
10 28 28
34 50 28
24 31 28
32 42 28
24 31 28
10 28 28
66 30 28
10 28 28
32 42 28
73 37 28
32 42 28
66 30 28
77 25 28
66 30 28
73 37 28
76 11 28
73 37 28
77 25 28
47 26 28
77 25 28
76 11 28
63 72 28
76 11 28
47 26 28
37 77 28
47 26 28
63 72 28
21 93 28
63 72 28
37 77 28
68 4 28
37 77 28
21 93 28
22 90 28
21 93 28
68 4 28
69 70 28
68 4 28
22 90 28
56 48 28
22 90 28
69 70 28
27 84 28
69 70 28
56 48 28
20 80 28
56 48 28
27 84 28
29 74 28
27 84 28
20 80 28
43 96 28
20 80 28
29 74 28
6 75 28
29 74 28
43 96 28
16 71 28
43 96 28
6 75 28
93 7 28
6 75 28
16 71 28
1 3 28
16 71 28
93 7 28
2 68 28
93 7 28
1 3 28
60 48 28
1 3 28
2 68 28
47 34 28
2 68 28
60 48 28
47 34 28
